0,498,1096
2,498,1096
0,1095,1096
298,1095,1096
2,1090,1096
298,1090,1096
0,499,1097
2,499,1097
0,1094,1097
298,1094,1097
2,1090,1097
298,1090,1097
0,696,1098
101,696,1098
0,1095,1098
298,1095,1098
101,1091,1098
298,1091,1098
0,697,1099
101,697,1099
0,1093,1099
298,1093,1099
101,1091,1099
298,1091,1099
0,496,1100
1,496,1100
0,1094,1100
298,1094,1100
1,1092,1100
298,1092,1100
0,497,1101
1,497,1101
0,1093,1101
298,1093,1101
1,1092,1101
298,1092,1101
0,496,1108
1,496,1108
0,1107,1108
299,1107,1108
1,1102,1108
299,1102,1108
0,497,1109
1,497,1109
0,1106,1109
299,1106,1109
1,1102,1109
299,1102,1109
0,696,1110
101,696,1110
0,1107,1110
299,1107,1110
101,1103,1110
299,1103,1110
0,697,1111
101,697,1111
0,1105,1111
299,1105,1111
101,1103,1111
299,1103,1111
0,698,1112
102,698,1112
0,1106,1112
299,1106,1112
102,1104,1112
299,1104,1112
0,699,1113
102,699,1113
0,1105,1113
299,1105,1113
102,1104,1113
299,1104,1113
0,498,1120
2,498,1120
0,1119,1120
300,1119,1120
2,1114,1120
300,1114,1120
0,499,1121
2,499,1121
0,1118,1121
300,1118,1121
2,1114,1121
300,1114,1121
0,698,1122
102,698,1122
0,1119,1122
300,1119,1122
102,1115,1122
300,1115,1122
0,699,1123
102,699,1123
0,1117,1123
300,1117,1123
102,1115,1123
300,1115,1123
0,700,1124
103,700,1124
0,1118,1124
300,1118,1124
103,1116,1124
300,1116,1124
0,701,1125
103,701,1125
0,1117,1125
300,1117,1125
103,1116,1125
300,1116,1125
0,500,1132
3,500,1132
0,1131,1132
301,1131,1132
3,1126,1132
301,1126,1132
0,501,1133
3,501,1133
0,1130,1133
301,1130,1133
3,1126,1133
301,1126,1133
0,702,1134
104,702,1134
0,1131,1134
301,1131,1134
104,1127,1134
301,1127,1134
0,703,1135
104,703,1135
0,1129,1135
301,1129,1135
104,1127,1135
301,1127,1135
0,700,1136
103,700,1136
0,1130,1136
301,1130,1136
103,1128,1136
301,1128,1136
0,701,1137
103,701,1137
0,1129,1137
301,1129,1137
103,1128,1137
301,1128,1137
0,502,1144
4,502,1144
0,1143,1144
302,1143,1144
4,1138,1144
302,1138,1144
0,503,1145
4,503,1145
0,1142,1145
302,1142,1145
4,1138,1145
302,1138,1145
0,704,1146
105,704,1146
0,1143,1146
302,1143,1146
105,1139,1146
302,1139,1146
0,705,1147
105,705,1147
0,1141,1147
302,1141,1147
105,1139,1147
302,1139,1147
0,702,1148
104,702,1148
0,1142,1148
302,1142,1148
104,1140,1148
302,1140,1148
0,703,1149
104,703,1149
0,1141,1149
302,1141,1149
104,1140,1149
302,1140,1149
0,500,1156
3,500,1156
0,1155,1156
303,1155,1156
3,1150,1156
303,1150,1156
0,501,1157
3,501,1157
0,1154,1157
303,1154,1157
3,1150,1157
303,1150,1157
0,704,1158
105,704,1158
0,1155,1158
303,1155,1158
105,1151,1158
303,1151,1158
0,705,1159
105,705,1159
0,1153,1159
303,1153,1159
105,1151,1159
303,1151,1159
0,706,1160
106,706,1160
0,1154,1160
303,1154,1160
106,1152,1160
303,1152,1160
0,707,1161
106,707,1161
0,1153,1161
303,1153,1161
106,1152,1161
303,1152,1161
0,502,1168
4,502,1168
0,1167,1168
304,1167,1168
4,1162,1168
304,1162,1168
0,503,1169
4,503,1169
0,1166,1169
304,1166,1169
4,1162,1169
304,1162,1169
0,706,1170
106,706,1170
0,1167,1170
304,1167,1170
106,1163,1170
304,1163,1170
0,707,1171
106,707,1171
0,1165,1171
304,1165,1171
106,1163,1171
304,1163,1171
0,708,1172
107,708,1172
0,1166,1172
304,1166,1172
107,1164,1172
304,1164,1172
0,709,1173
107,709,1173
0,1165,1173
304,1165,1173
107,1164,1173
304,1164,1173
0,504,1180
5,504,1180
0,1179,1180
305,1179,1180
5,1174,1180
305,1174,1180
0,505,1181
5,505,1181
0,1178,1181
305,1178,1181
5,1174,1181
305,1174,1181
0,710,1182
108,710,1182
0,1179,1182
305,1179,1182
108,1175,1182
305,1175,1182
0,711,1183
108,711,1183
0,1177,1183
305,1177,1183
108,1175,1183
305,1175,1183
0,708,1184
107,708,1184
0,1178,1184
305,1178,1184
107,1176,1184
305,1176,1184
0,709,1185
107,709,1185
0,1177,1185
305,1177,1185
107,1176,1185
305,1176,1185
0,506,1192
6,506,1192
0,1191,1192
306,1191,1192
6,1186,1192
306,1186,1192
0,507,1193
6,507,1193
0,1190,1193
306,1190,1193
6,1186,1193
306,1186,1193
0,712,1194
109,712,1194
0,1191,1194
306,1191,1194
109,1187,1194
306,1187,1194
0,713,1195
109,713,1195
0,1189,1195
306,1189,1195
109,1187,1195
306,1187,1195
0,710,1196
108,710,1196
0,1190,1196
306,1190,1196
108,1188,1196
306,1188,1196
0,711,1197
108,711,1197
0,1189,1197
306,1189,1197
108,1188,1197
306,1188,1197
0,504,1204
5,504,1204
0,1203,1204
307,1203,1204
5,1198,1204
307,1198,1204
0,505,1205
5,505,1205
0,1202,1205
307,1202,1205
5,1198,1205
307,1198,1205
0,712,1206
109,712,1206
0,1203,1206
307,1203,1206
109,1199,1206
307,1199,1206
0,713,1207
109,713,1207
0,1201,1207
307,1201,1207
109,1199,1207
307,1199,1207
0,714,1208
110,714,1208
0,1202,1208
307,1202,1208
110,1200,1208
307,1200,1208
0,715,1209
110,715,1209
0,1201,1209
307,1201,1209
110,1200,1209
307,1200,1209
0,506,1216
6,506,1216
0,1215,1216
308,1215,1216
6,1210,1216
308,1210,1216
0,507,1217
6,507,1217
0,1214,1217
308,1214,1217
6,1210,1217
308,1210,1217
0,714,1218
110,714,1218
0,1215,1218
308,1215,1218
110,1211,1218
308,1211,1218
0,715,1219
110,715,1219
0,1213,1219
308,1213,1219
110,1211,1219
308,1211,1219
0,716,1220
111,716,1220
0,1214,1220
308,1214,1220
111,1212,1220
308,1212,1220
0,717,1221
111,717,1221
0,1213,1221
308,1213,1221
111,1212,1221
308,1212,1221
0,508,1228
7,508,1228
0,1227,1228
309,1227,1228
7,1222,1228
309,1222,1228
0,509,1229
7,509,1229
0,1226,1229
309,1226,1229
7,1222,1229
309,1222,1229
0,718,1230
112,718,1230
0,1227,1230
309,1227,1230
112,1223,1230
309,1223,1230
0,719,1231
112,719,1231
0,1225,1231
309,1225,1231
112,1223,1231
309,1223,1231
0,716,1232
111,716,1232
0,1226,1232
309,1226,1232
111,1224,1232
309,1224,1232
0,717,1233
111,717,1233
0,1225,1233
309,1225,1233
111,1224,1233
309,1224,1233
0,510,1240
8,510,1240
0,1239,1240
310,1239,1240
8,1234,1240
310,1234,1240
0,511,1241
8,511,1241
0,1238,1241
310,1238,1241
8,1234,1241
310,1234,1241
0,720,1242
113,720,1242
0,1239,1242
310,1239,1242
113,1235,1242
310,1235,1242
0,721,1243
113,721,1243
0,1237,1243
310,1237,1243
113,1235,1243
310,1235,1243
0,718,1244
112,718,1244
0,1238,1244
310,1238,1244
112,1236,1244
310,1236,1244
0,719,1245
112,719,1245
0,1237,1245
310,1237,1245
112,1236,1245
310,1236,1245
0,508,1252
7,508,1252
0,1251,1252
311,1251,1252
7,1246,1252
311,1246,1252
0,509,1253
7,509,1253
0,1250,1253
311,1250,1253
7,1246,1253
311,1246,1253
0,720,1254
113,720,1254
0,1251,1254
311,1251,1254
113,1247,1254
311,1247,1254
0,721,1255
113,721,1255
0,1249,1255
311,1249,1255
113,1247,1255
311,1247,1255
0,722,1256
114,722,1256
0,1250,1256
311,1250,1256
114,1248,1256
311,1248,1256
0,723,1257
114,723,1257
0,1249,1257
311,1249,1257
114,1248,1257
311,1248,1257
0,510,1264
8,510,1264
0,1263,1264
312,1263,1264
8,1258,1264
312,1258,1264
0,511,1265
8,511,1265
0,1262,1265
312,1262,1265
8,1258,1265
312,1258,1265
0,722,1266
114,722,1266
0,1263,1266
312,1263,1266
114,1259,1266
312,1259,1266
0,723,1267
114,723,1267
0,1261,1267
312,1261,1267
114,1259,1267
312,1259,1267
0,724,1268
115,724,1268
0,1262,1268
312,1262,1268
115,1260,1268
312,1260,1268
0,725,1269
115,725,1269
0,1261,1269
312,1261,1269
115,1260,1269
312,1260,1269
0,512,1276
9,512,1276
0,1275,1276
313,1275,1276
9,1270,1276
313,1270,1276
0,513,1277
9,513,1277
0,1274,1277
313,1274,1277
9,1270,1277
313,1270,1277
0,726,1278
116,726,1278
0,1275,1278
313,1275,1278
116,1271,1278
313,1271,1278
0,727,1279
116,727,1279
0,1273,1279
313,1273,1279
116,1271,1279
313,1271,1279
0,724,1280
115,724,1280
0,1274,1280
313,1274,1280
115,1272,1280
313,1272,1280
0,725,1281
115,725,1281
0,1273,1281
313,1273,1281
115,1272,1281
313,1272,1281
0,514,1288
10,514,1288
0,1287,1288
314,1287,1288
10,1282,1288
314,1282,1288
0,515,1289
10,515,1289
0,1286,1289
314,1286,1289
10,1282,1289
314,1282,1289
0,728,1290
117,728,1290
0,1287,1290
314,1287,1290
117,1283,1290
314,1283,1290
0,729,1291
117,729,1291
0,1285,1291
314,1285,1291
117,1283,1291
314,1283,1291
0,726,1292
116,726,1292
0,1286,1292
314,1286,1292
116,1284,1292
314,1284,1292
0,727,1293
116,727,1293
0,1285,1293
314,1285,1293
116,1284,1293
314,1284,1293
0,512,1300
9,512,1300
0,1299,1300
315,1299,1300
9,1294,1300
315,1294,1300
0,513,1301
9,513,1301
0,1298,1301
315,1298,1301
9,1294,1301
315,1294,1301
0,728,1302
117,728,1302
0,1299,1302
315,1299,1302
117,1295,1302
315,1295,1302
0,729,1303
117,729,1303
0,1297,1303
315,1297,1303
117,1295,1303
315,1295,1303
0,730,1304
118,730,1304
0,1298,1304
315,1298,1304
118,1296,1304
315,1296,1304
0,731,1305
118,731,1305
0,1297,1305
315,1297,1305
118,1296,1305
315,1296,1305
0,514,1312
10,514,1312
0,1311,1312
316,1311,1312
10,1306,1312
316,1306,1312
0,515,1313
10,515,1313
0,1310,1313
316,1310,1313
10,1306,1313
316,1306,1313
0,730,1314
118,730,1314
0,1311,1314
316,1311,1314
118,1307,1314
316,1307,1314
0,731,1315
118,731,1315
0,1309,1315
316,1309,1315
118,1307,1315
316,1307,1315
0,732,1316
119,732,1316
0,1310,1316
316,1310,1316
119,1308,1316
316,1308,1316
0,733,1317
119,733,1317
0,1309,1317
316,1309,1317
119,1308,1317
316,1308,1317
0,516,1324
11,516,1324
0,1323,1324
317,1323,1324
11,1318,1324
317,1318,1324
0,517,1325
11,517,1325
0,1322,1325
317,1322,1325
11,1318,1325
317,1318,1325
0,734,1326
120,734,1326
0,1323,1326
317,1323,1326
120,1319,1326
317,1319,1326
0,735,1327
120,735,1327
0,1321,1327
317,1321,1327
120,1319,1327
317,1319,1327
0,732,1328
119,732,1328
0,1322,1328
317,1322,1328
119,1320,1328
317,1320,1328
0,733,1329
119,733,1329
0,1321,1329
317,1321,1329
119,1320,1329
317,1320,1329
0,518,1336
12,518,1336
0,1335,1336
318,1335,1336
12,1330,1336
318,1330,1336
0,519,1337
12,519,1337
0,1334,1337
318,1334,1337
12,1330,1337
318,1330,1337
0,736,1338
121,736,1338
0,1335,1338
318,1335,1338
121,1331,1338
318,1331,1338
0,737,1339
121,737,1339
0,1333,1339
318,1333,1339
121,1331,1339
318,1331,1339
0,734,1340
120,734,1340
0,1334,1340
318,1334,1340
120,1332,1340
318,1332,1340
0,735,1341
120,735,1341
0,1333,1341
318,1333,1341
120,1332,1341
318,1332,1341
0,516,1348
11,516,1348
0,1347,1348
319,1347,1348
11,1342,1348
319,1342,1348
0,517,1349
11,517,1349
0,1346,1349
319,1346,1349
11,1342,1349
319,1342,1349
0,736,1350
121,736,1350
0,1347,1350
319,1347,1350
121,1343,1350
319,1343,1350
0,737,1351
121,737,1351
0,1345,1351
319,1345,1351
121,1343,1351
319,1343,1351
0,738,1352
122,738,1352
0,1346,1352
319,1346,1352
122,1344,1352
319,1344,1352
0,739,1353
122,739,1353
0,1345,1353
319,1345,1353
122,1344,1353
319,1344,1353
0,518,1360
12,518,1360
0,1359,1360
320,1359,1360
12,1354,1360
320,1354,1360
0,519,1361
12,519,1361
0,1358,1361
320,1358,1361
12,1354,1361
320,1354,1361
0,738,1362
122,738,1362
0,1359,1362
320,1359,1362
122,1355,1362
320,1355,1362
0,739,1363
122,739,1363
0,1357,1363
320,1357,1363
122,1355,1363
320,1355,1363
0,740,1364
123,740,1364
0,1358,1364
320,1358,1364
123,1356,1364
320,1356,1364
0,741,1365
123,741,1365
0,1357,1365
320,1357,1365
123,1356,1365
320,1356,1365
0,520,1372
13,520,1372
0,1371,1372
321,1371,1372
13,1366,1372
321,1366,1372
0,521,1373
13,521,1373
0,1370,1373
321,1370,1373
13,1366,1373
321,1366,1373
0,742,1374
124,742,1374
0,1371,1374
321,1371,1374
124,1367,1374
321,1367,1374
0,743,1375
124,743,1375
0,1369,1375
321,1369,1375
124,1367,1375
321,1367,1375
0,740,1376
123,740,1376
0,1370,1376
321,1370,1376
123,1368,1376
321,1368,1376
0,741,1377
123,741,1377
0,1369,1377
321,1369,1377
123,1368,1377
321,1368,1377
0,522,1384
14,522,1384
0,1383,1384
322,1383,1384
14,1378,1384
322,1378,1384
0,523,1385
14,523,1385
0,1382,1385
322,1382,1385
14,1378,1385
322,1378,1385
0,744,1386
125,744,1386
0,1383,1386
322,1383,1386
125,1379,1386
322,1379,1386
0,745,1387
125,745,1387
0,1381,1387
322,1381,1387
125,1379,1387
322,1379,1387
0,742,1388
124,742,1388
0,1382,1388
322,1382,1388
124,1380,1388
322,1380,1388
0,743,1389
124,743,1389
0,1381,1389
322,1381,1389
124,1380,1389
322,1380,1389
0,520,1396
13,520,1396
0,1395,1396
323,1395,1396
13,1390,1396
323,1390,1396
0,521,1397
13,521,1397
0,1394,1397
323,1394,1397
13,1390,1397
323,1390,1397
0,744,1398
125,744,1398
0,1395,1398
323,1395,1398
125,1391,1398
323,1391,1398
0,745,1399
125,745,1399
0,1393,1399
323,1393,1399
125,1391,1399
323,1391,1399
0,746,1400
126,746,1400
0,1394,1400
323,1394,1400
126,1392,1400
323,1392,1400
0,747,1401
126,747,1401
0,1393,1401
323,1393,1401
126,1392,1401
323,1392,1401
0,522,1408
14,522,1408
0,1407,1408
324,1407,1408
14,1402,1408
324,1402,1408
0,523,1409
14,523,1409
0,1406,1409
324,1406,1409
14,1402,1409
324,1402,1409
0,746,1410
126,746,1410
0,1407,1410
324,1407,1410
126,1403,1410
324,1403,1410
0,747,1411
126,747,1411
0,1405,1411
324,1405,1411
126,1403,1411
324,1403,1411
0,748,1412
127,748,1412
0,1406,1412
324,1406,1412
127,1404,1412
324,1404,1412
0,749,1413
127,749,1413
0,1405,1413
324,1405,1413
127,1404,1413
324,1404,1413
0,524,1420
15,524,1420
0,1419,1420
325,1419,1420
15,1414,1420
325,1414,1420
0,525,1421
15,525,1421
0,1418,1421
325,1418,1421
15,1414,1421
325,1414,1421
0,750,1422
128,750,1422
0,1419,1422
325,1419,1422
128,1415,1422
325,1415,1422
0,751,1423
128,751,1423
0,1417,1423
325,1417,1423
128,1415,1423
325,1415,1423
0,748,1424
127,748,1424
0,1418,1424
325,1418,1424
127,1416,1424
325,1416,1424
0,749,1425
127,749,1425
0,1417,1425
325,1417,1425
127,1416,1425
325,1416,1425
0,526,1432
16,526,1432
0,1431,1432
326,1431,1432
16,1426,1432
326,1426,1432
0,527,1433
16,527,1433
0,1430,1433
326,1430,1433
16,1426,1433
326,1426,1433
0,752,1434
129,752,1434
0,1431,1434
326,1431,1434
129,1427,1434
326,1427,1434
0,753,1435
129,753,1435
0,1429,1435
326,1429,1435
129,1427,1435
326,1427,1435
0,750,1436
128,750,1436
0,1430,1436
326,1430,1436
128,1428,1436
326,1428,1436
0,751,1437
128,751,1437
0,1429,1437
326,1429,1437
128,1428,1437
326,1428,1437
0,524,1444
15,524,1444
0,1443,1444
327,1443,1444
15,1438,1444
327,1438,1444
0,525,1445
15,525,1445
0,1442,1445
327,1442,1445
15,1438,1445
327,1438,1445
0,752,1446
129,752,1446
0,1443,1446
327,1443,1446
129,1439,1446
327,1439,1446
0,753,1447
129,753,1447
0,1441,1447
327,1441,1447
129,1439,1447
327,1439,1447
0,754,1448
130,754,1448
0,1442,1448
327,1442,1448
130,1440,1448
327,1440,1448
0,755,1449
130,755,1449
0,1441,1449
327,1441,1449
130,1440,1449
327,1440,1449
0,526,1456
16,526,1456
0,1455,1456
328,1455,1456
16,1450,1456
328,1450,1456
0,527,1457
16,527,1457
0,1454,1457
328,1454,1457
16,1450,1457
328,1450,1457
0,754,1458
130,754,1458
0,1455,1458
328,1455,1458
130,1451,1458
328,1451,1458
0,755,1459
130,755,1459
0,1453,1459
328,1453,1459
130,1451,1459
328,1451,1459
0,756,1460
131,756,1460
0,1454,1460
328,1454,1460
131,1452,1460
328,1452,1460
0,757,1461
131,757,1461
0,1453,1461
328,1453,1461
131,1452,1461
328,1452,1461
0,528,1468
17,528,1468
0,1467,1468
329,1467,1468
17,1462,1468
329,1462,1468
0,529,1469
17,529,1469
0,1466,1469
329,1466,1469
17,1462,1469
329,1462,1469
0,758,1470
132,758,1470
0,1467,1470
329,1467,1470
132,1463,1470
329,1463,1470
0,759,1471
132,759,1471
0,1465,1471
329,1465,1471
132,1463,1471
329,1463,1471
0,756,1472
131,756,1472
0,1466,1472
329,1466,1472
131,1464,1472
329,1464,1472
0,757,1473
131,757,1473
0,1465,1473
329,1465,1473
131,1464,1473
329,1464,1473
0,530,1480
18,530,1480
0,1479,1480
330,1479,1480
18,1474,1480
330,1474,1480
0,531,1481
18,531,1481
0,1478,1481
330,1478,1481
18,1474,1481
330,1474,1481
0,760,1482
133,760,1482
0,1479,1482
330,1479,1482
133,1475,1482
330,1475,1482
0,761,1483
133,761,1483
0,1477,1483
330,1477,1483
133,1475,1483
330,1475,1483
0,758,1484
132,758,1484
0,1478,1484
330,1478,1484
132,1476,1484
330,1476,1484
0,759,1485
132,759,1485
0,1477,1485
330,1477,1485
132,1476,1485
330,1476,1485
0,528,1492
17,528,1492
0,1491,1492
331,1491,1492
17,1486,1492
331,1486,1492
0,529,1493
17,529,1493
0,1490,1493
331,1490,1493
17,1486,1493
331,1486,1493
0,760,1494
133,760,1494
0,1491,1494
331,1491,1494
133,1487,1494
331,1487,1494
0,761,1495
133,761,1495
0,1489,1495
331,1489,1495
133,1487,1495
331,1487,1495
0,762,1496
134,762,1496
0,1490,1496
331,1490,1496
134,1488,1496
331,1488,1496
0,763,1497
134,763,1497
0,1489,1497
331,1489,1497
134,1488,1497
331,1488,1497
0,530,1504
18,530,1504
0,1503,1504
332,1503,1504
18,1498,1504
332,1498,1504
0,531,1505
18,531,1505
0,1502,1505
332,1502,1505
18,1498,1505
332,1498,1505
0,762,1506
134,762,1506
0,1503,1506
332,1503,1506
134,1499,1506
332,1499,1506
0,763,1507
134,763,1507
0,1501,1507
332,1501,1507
134,1499,1507
332,1499,1507
0,764,1508
135,764,1508
0,1502,1508
332,1502,1508
135,1500,1508
332,1500,1508
0,765,1509
135,765,1509
0,1501,1509
332,1501,1509
135,1500,1509
332,1500,1509
0,532,1516
19,532,1516
0,1515,1516
333,1515,1516
19,1510,1516
333,1510,1516
0,533,1517
19,533,1517
0,1514,1517
333,1514,1517
19,1510,1517
333,1510,1517
0,766,1518
136,766,1518
0,1515,1518
333,1515,1518
136,1511,1518
333,1511,1518
0,767,1519
136,767,1519
0,1513,1519
333,1513,1519
136,1511,1519
333,1511,1519
0,764,1520
135,764,1520
0,1514,1520
333,1514,1520
135,1512,1520
333,1512,1520
0,765,1521
135,765,1521
0,1513,1521
333,1513,1521
135,1512,1521
333,1512,1521
0,534,1528
20,534,1528
0,1527,1528
334,1527,1528
20,1522,1528
334,1522,1528
0,535,1529
20,535,1529
0,1526,1529
334,1526,1529
20,1522,1529
334,1522,1529
0,768,1530
137,768,1530
0,1527,1530
334,1527,1530
137,1523,1530
334,1523,1530
0,769,1531
137,769,1531
0,1525,1531
334,1525,1531
137,1523,1531
334,1523,1531
0,766,1532
136,766,1532
0,1526,1532
334,1526,1532
136,1524,1532
334,1524,1532
0,767,1533
136,767,1533
0,1525,1533
334,1525,1533
136,1524,1533
334,1524,1533
0,532,1540
19,532,1540
0,1539,1540
335,1539,1540
19,1534,1540
335,1534,1540
0,533,1541
19,533,1541
0,1538,1541
335,1538,1541
19,1534,1541
335,1534,1541
0,768,1542
137,768,1542
0,1539,1542
335,1539,1542
137,1535,1542
335,1535,1542
0,769,1543
137,769,1543
0,1537,1543
335,1537,1543
137,1535,1543
335,1535,1543
0,770,1544
138,770,1544
0,1538,1544
335,1538,1544
138,1536,1544
335,1536,1544
0,771,1545
138,771,1545
0,1537,1545
335,1537,1545
138,1536,1545
335,1536,1545
0,534,1552
20,534,1552
0,1551,1552
336,1551,1552
20,1546,1552
336,1546,1552
0,535,1553
20,535,1553
0,1550,1553
336,1550,1553
20,1546,1553
336,1546,1553
0,770,1554
138,770,1554
0,1551,1554
336,1551,1554
138,1547,1554
336,1547,1554
0,771,1555
138,771,1555
0,1549,1555
336,1549,1555
138,1547,1555
336,1547,1555
0,772,1556
139,772,1556
0,1550,1556
336,1550,1556
139,1548,1556
336,1548,1556
0,773,1557
139,773,1557
0,1549,1557
336,1549,1557
139,1548,1557
336,1548,1557
0,536,1564
21,536,1564
0,1563,1564
337,1563,1564
21,1558,1564
337,1558,1564
0,537,1565
21,537,1565
0,1562,1565
337,1562,1565
21,1558,1565
337,1558,1565
0,774,1566
140,774,1566
0,1563,1566
337,1563,1566
140,1559,1566
337,1559,1566
0,775,1567
140,775,1567
0,1561,1567
337,1561,1567
140,1559,1567
337,1559,1567
0,772,1568
139,772,1568
0,1562,1568
337,1562,1568
139,1560,1568
337,1560,1568
0,773,1569
139,773,1569
0,1561,1569
337,1561,1569
139,1560,1569
337,1560,1569
0,538,1576
22,538,1576
0,1575,1576
338,1575,1576
22,1570,1576
338,1570,1576
0,539,1577
22,539,1577
0,1574,1577
338,1574,1577
22,1570,1577
338,1570,1577
0,776,1578
141,776,1578
0,1575,1578
338,1575,1578
141,1571,1578
338,1571,1578
0,777,1579
141,777,1579
0,1573,1579
338,1573,1579
141,1571,1579
338,1571,1579
0,774,1580
140,774,1580
0,1574,1580
338,1574,1580
140,1572,1580
338,1572,1580
0,775,1581
140,775,1581
0,1573,1581
338,1573,1581
140,1572,1581
338,1572,1581
0,536,1588
21,536,1588
0,1587,1588
339,1587,1588
21,1582,1588
339,1582,1588
0,537,1589
21,537,1589
0,1586,1589
339,1586,1589
21,1582,1589
339,1582,1589
0,776,1590
141,776,1590
0,1587,1590
339,1587,1590
141,1583,1590
339,1583,1590
0,777,1591
141,777,1591
0,1585,1591
339,1585,1591
141,1583,1591
339,1583,1591
0,778,1592
142,778,1592
0,1586,1592
339,1586,1592
142,1584,1592
339,1584,1592
0,779,1593
142,779,1593
0,1585,1593
339,1585,1593
142,1584,1593
339,1584,1593
0,538,1600
22,538,1600
0,1599,1600
340,1599,1600
22,1594,1600
340,1594,1600
0,539,1601
22,539,1601
0,1598,1601
340,1598,1601
22,1594,1601
340,1594,1601
0,778,1602
142,778,1602
0,1599,1602
340,1599,1602
142,1595,1602
340,1595,1602
0,779,1603
142,779,1603
0,1597,1603
340,1597,1603
142,1595,1603
340,1595,1603
0,780,1604
143,780,1604
0,1598,1604
340,1598,1604
143,1596,1604
340,1596,1604
0,781,1605
143,781,1605
0,1597,1605
340,1597,1605
143,1596,1605
340,1596,1605
0,540,1612
23,540,1612
0,1611,1612
341,1611,1612
23,1606,1612
341,1606,1612
0,541,1613
23,541,1613
0,1610,1613
341,1610,1613
23,1606,1613
341,1606,1613
0,782,1614
144,782,1614
0,1611,1614
341,1611,1614
144,1607,1614
341,1607,1614
0,783,1615
144,783,1615
0,1609,1615
341,1609,1615
144,1607,1615
341,1607,1615
0,780,1616
143,780,1616
0,1610,1616
341,1610,1616
143,1608,1616
341,1608,1616
0,781,1617
143,781,1617
0,1609,1617
341,1609,1617
143,1608,1617
341,1608,1617
0,542,1624
24,542,1624
0,1623,1624
342,1623,1624
24,1618,1624
342,1618,1624
0,543,1625
24,543,1625
0,1622,1625
342,1622,1625
24,1618,1625
342,1618,1625
0,784,1626
145,784,1626
0,1623,1626
342,1623,1626
145,1619,1626
342,1619,1626
0,785,1627
145,785,1627
0,1621,1627
342,1621,1627
145,1619,1627
342,1619,1627
0,782,1628
144,782,1628
0,1622,1628
342,1622,1628
144,1620,1628
342,1620,1628
0,783,1629
144,783,1629
0,1621,1629
342,1621,1629
144,1620,1629
342,1620,1629
0,540,1636
23,540,1636
0,1635,1636
343,1635,1636
23,1630,1636
343,1630,1636
0,541,1637
23,541,1637
0,1634,1637
343,1634,1637
23,1630,1637
343,1630,1637
0,784,1638
145,784,1638
0,1635,1638
343,1635,1638
145,1631,1638
343,1631,1638
0,785,1639
145,785,1639
0,1633,1639
343,1633,1639
145,1631,1639
343,1631,1639
0,786,1640
146,786,1640
0,1634,1640
343,1634,1640
146,1632,1640
343,1632,1640
0,787,1641
146,787,1641
0,1633,1641
343,1633,1641
146,1632,1641
343,1632,1641
0,542,1648
24,542,1648
0,1647,1648
344,1647,1648
24,1642,1648
344,1642,1648
0,543,1649
24,543,1649
0,1646,1649
344,1646,1649
24,1642,1649
344,1642,1649
0,786,1650
146,786,1650
0,1647,1650
344,1647,1650
146,1643,1650
344,1643,1650
0,787,1651
146,787,1651
0,1645,1651
344,1645,1651
146,1643,1651
344,1643,1651
0,788,1652
147,788,1652
0,1646,1652
344,1646,1652
147,1644,1652
344,1644,1652
0,789,1653
147,789,1653
0,1645,1653
344,1645,1653
147,1644,1653
344,1644,1653
0,544,1660
25,544,1660
0,1659,1660
345,1659,1660
25,1654,1660
345,1654,1660
0,545,1661
25,545,1661
0,1658,1661
345,1658,1661
25,1654,1661
345,1654,1661
0,790,1662
148,790,1662
0,1659,1662
345,1659,1662
148,1655,1662
345,1655,1662
0,791,1663
148,791,1663
0,1657,1663
345,1657,1663
148,1655,1663
345,1655,1663
0,788,1664
147,788,1664
0,1658,1664
345,1658,1664
147,1656,1664
345,1656,1664
0,789,1665
147,789,1665
0,1657,1665
345,1657,1665
147,1656,1665
345,1656,1665
0,546,1672
26,546,1672
0,1671,1672
346,1671,1672
26,1666,1672
346,1666,1672
0,547,1673
26,547,1673
0,1670,1673
346,1670,1673
26,1666,1673
346,1666,1673
0,792,1674
149,792,1674
0,1671,1674
346,1671,1674
149,1667,1674
346,1667,1674
0,793,1675
149,793,1675
0,1669,1675
346,1669,1675
149,1667,1675
346,1667,1675
0,790,1676
148,790,1676
0,1670,1676
346,1670,1676
148,1668,1676
346,1668,1676
0,791,1677
148,791,1677
0,1669,1677
346,1669,1677
148,1668,1677
346,1668,1677
0,544,1684
25,544,1684
0,1683,1684
347,1683,1684
25,1678,1684
347,1678,1684
0,545,1685
25,545,1685
0,1682,1685
347,1682,1685
25,1678,1685
347,1678,1685
0,792,1686
149,792,1686
0,1683,1686
347,1683,1686
149,1679,1686
347,1679,1686
0,793,1687
149,793,1687
0,1681,1687
347,1681,1687
149,1679,1687
347,1679,1687
0,794,1688
150,794,1688
0,1682,1688
347,1682,1688
150,1680,1688
347,1680,1688
0,795,1689
150,795,1689
0,1681,1689
347,1681,1689
150,1680,1689
347,1680,1689
0,546,1696
26,546,1696
0,1695,1696
348,1695,1696
26,1690,1696
348,1690,1696
0,547,1697
26,547,1697
0,1694,1697
348,1694,1697
26,1690,1697
348,1690,1697
0,794,1698
150,794,1698
0,1695,1698
348,1695,1698
150,1691,1698
348,1691,1698
0,795,1699
150,795,1699
0,1693,1699
348,1693,1699
150,1691,1699
348,1691,1699
0,796,1700
151,796,1700
0,1694,1700
348,1694,1700
151,1692,1700
348,1692,1700
0,797,1701
151,797,1701
0,1693,1701
348,1693,1701
151,1692,1701
348,1692,1701
0,548,1708
27,548,1708
0,1707,1708
349,1707,1708
27,1702,1708
349,1702,1708
0,549,1709
27,549,1709
0,1706,1709
349,1706,1709
27,1702,1709
349,1702,1709
0,798,1710
152,798,1710
0,1707,1710
349,1707,1710
152,1703,1710
349,1703,1710
0,799,1711
152,799,1711
0,1705,1711
349,1705,1711
152,1703,1711
349,1703,1711
0,796,1712
151,796,1712
0,1706,1712
349,1706,1712
151,1704,1712
349,1704,1712
0,797,1713
151,797,1713
0,1705,1713
349,1705,1713
151,1704,1713
349,1704,1713
0,550,1720
28,550,1720
0,1719,1720
350,1719,1720
28,1714,1720
350,1714,1720
0,551,1721
28,551,1721
0,1718,1721
350,1718,1721
28,1714,1721
350,1714,1721
0,800,1722
153,800,1722
0,1719,1722
350,1719,1722
153,1715,1722
350,1715,1722
0,801,1723
153,801,1723
0,1717,1723
350,1717,1723
153,1715,1723
350,1715,1723
0,798,1724
152,798,1724
0,1718,1724
350,1718,1724
152,1716,1724
350,1716,1724
0,799,1725
152,799,1725
0,1717,1725
350,1717,1725
152,1716,1725
350,1716,1725
0,548,1732
27,548,1732
0,1731,1732
351,1731,1732
27,1726,1732
351,1726,1732
0,549,1733
27,549,1733
0,1730,1733
351,1730,1733
27,1726,1733
351,1726,1733
0,800,1734
153,800,1734
0,1731,1734
351,1731,1734
153,1727,1734
351,1727,1734
0,801,1735
153,801,1735
0,1729,1735
351,1729,1735
153,1727,1735
351,1727,1735
0,802,1736
154,802,1736
0,1730,1736
351,1730,1736
154,1728,1736
351,1728,1736
0,803,1737
154,803,1737
0,1729,1737
351,1729,1737
154,1728,1737
351,1728,1737
0,550,1744
28,550,1744
0,1743,1744
352,1743,1744
28,1738,1744
352,1738,1744
0,551,1745
28,551,1745
0,1742,1745
352,1742,1745
28,1738,1745
352,1738,1745
0,802,1746
154,802,1746
0,1743,1746
352,1743,1746
154,1739,1746
352,1739,1746
0,803,1747
154,803,1747
0,1741,1747
352,1741,1747
154,1739,1747
352,1739,1747
0,804,1748
155,804,1748
0,1742,1748
352,1742,1748
155,1740,1748
352,1740,1748
0,805,1749
155,805,1749
0,1741,1749
352,1741,1749
155,1740,1749
352,1740,1749
0,552,1756
29,552,1756
0,1755,1756
353,1755,1756
29,1750,1756
353,1750,1756
0,553,1757
29,553,1757
0,1754,1757
353,1754,1757
29,1750,1757
353,1750,1757
0,806,1758
156,806,1758
0,1755,1758
353,1755,1758
156,1751,1758
353,1751,1758
0,807,1759
156,807,1759
0,1753,1759
353,1753,1759
156,1751,1759
353,1751,1759
0,804,1760
155,804,1760
0,1754,1760
353,1754,1760
155,1752,1760
353,1752,1760
0,805,1761
155,805,1761
0,1753,1761
353,1753,1761
155,1752,1761
353,1752,1761
0,554,1768
30,554,1768
0,1767,1768
354,1767,1768
30,1762,1768
354,1762,1768
0,555,1769
30,555,1769
0,1766,1769
354,1766,1769
30,1762,1769
354,1762,1769
0,808,1770
157,808,1770
0,1767,1770
354,1767,1770
157,1763,1770
354,1763,1770
0,809,1771
157,809,1771
0,1765,1771
354,1765,1771
157,1763,1771
354,1763,1771
0,806,1772
156,806,1772
0,1766,1772
354,1766,1772
156,1764,1772
354,1764,1772
0,807,1773
156,807,1773
0,1765,1773
354,1765,1773
156,1764,1773
354,1764,1773
0,552,1780
29,552,1780
0,1779,1780
355,1779,1780
29,1774,1780
355,1774,1780
0,553,1781
29,553,1781
0,1778,1781
355,1778,1781
29,1774,1781
355,1774,1781
0,808,1782
157,808,1782
0,1779,1782
355,1779,1782
157,1775,1782
355,1775,1782
0,809,1783
157,809,1783
0,1777,1783
355,1777,1783
157,1775,1783
355,1775,1783
0,810,1784
158,810,1784
0,1778,1784
355,1778,1784
158,1776,1784
355,1776,1784
0,811,1785
158,811,1785
0,1777,1785
355,1777,1785
158,1776,1785
355,1776,1785
0,554,1792
30,554,1792
0,1791,1792
356,1791,1792
30,1786,1792
356,1786,1792
0,555,1793
30,555,1793
0,1790,1793
356,1790,1793
30,1786,1793
356,1786,1793
0,810,1794
158,810,1794
0,1791,1794
356,1791,1794
158,1787,1794
356,1787,1794
0,811,1795
158,811,1795
0,1789,1795
356,1789,1795
158,1787,1795
356,1787,1795
0,812,1796
159,812,1796
0,1790,1796
356,1790,1796
159,1788,1796
356,1788,1796
0,813,1797
159,813,1797
0,1789,1797
356,1789,1797
159,1788,1797
356,1788,1797
0,556,1804
31,556,1804
0,1803,1804
357,1803,1804
31,1798,1804
357,1798,1804
0,557,1805
31,557,1805
0,1802,1805
357,1802,1805
31,1798,1805
357,1798,1805
0,814,1806
160,814,1806
0,1803,1806
357,1803,1806
160,1799,1806
357,1799,1806
0,815,1807
160,815,1807
0,1801,1807
357,1801,1807
160,1799,1807
357,1799,1807
0,812,1808
159,812,1808
0,1802,1808
357,1802,1808
159,1800,1808
357,1800,1808
0,813,1809
159,813,1809
0,1801,1809
357,1801,1809
159,1800,1809
357,1800,1809
0,558,1816
32,558,1816
0,1815,1816
358,1815,1816
32,1810,1816
358,1810,1816
0,559,1817
32,559,1817
0,1814,1817
358,1814,1817
32,1810,1817
358,1810,1817
0,816,1818
161,816,1818
0,1815,1818
358,1815,1818
161,1811,1818
358,1811,1818
0,817,1819
161,817,1819
0,1813,1819
358,1813,1819
161,1811,1819
358,1811,1819
0,814,1820
160,814,1820
0,1814,1820
358,1814,1820
160,1812,1820
358,1812,1820
0,815,1821
160,815,1821
0,1813,1821
358,1813,1821
160,1812,1821
358,1812,1821
0,556,1828
31,556,1828
0,1827,1828
359,1827,1828
31,1822,1828
359,1822,1828
0,557,1829
31,557,1829
0,1826,1829
359,1826,1829
31,1822,1829
359,1822,1829
0,816,1830
161,816,1830
0,1827,1830
359,1827,1830
161,1823,1830
359,1823,1830
0,817,1831
161,817,1831
0,1825,1831
359,1825,1831
161,1823,1831
359,1823,1831
0,818,1832
162,818,1832
0,1826,1832
359,1826,1832
162,1824,1832
359,1824,1832
0,819,1833
162,819,1833
0,1825,1833
359,1825,1833
162,1824,1833
359,1824,1833
0,558,1840
32,558,1840
0,1839,1840
360,1839,1840
32,1834,1840
360,1834,1840
0,559,1841
32,559,1841
0,1838,1841
360,1838,1841
32,1834,1841
360,1834,1841
0,818,1842
162,818,1842
0,1839,1842
360,1839,1842
162,1835,1842
360,1835,1842
0,819,1843
162,819,1843
0,1837,1843
360,1837,1843
162,1835,1843
360,1835,1843
0,820,1844
163,820,1844
0,1838,1844
360,1838,1844
163,1836,1844
360,1836,1844
0,821,1845
163,821,1845
0,1837,1845
360,1837,1845
163,1836,1845
360,1836,1845
0,560,1852
33,560,1852
0,1851,1852
361,1851,1852
33,1846,1852
361,1846,1852
0,561,1853
33,561,1853
0,1850,1853
361,1850,1853
33,1846,1853
361,1846,1853
0,822,1854
164,822,1854
0,1851,1854
361,1851,1854
164,1847,1854
361,1847,1854
0,823,1855
164,823,1855
0,1849,1855
361,1849,1855
164,1847,1855
361,1847,1855
0,820,1856
163,820,1856
0,1850,1856
361,1850,1856
163,1848,1856
361,1848,1856
0,821,1857
163,821,1857
0,1849,1857
361,1849,1857
163,1848,1857
361,1848,1857
0,562,1864
34,562,1864
0,1863,1864
362,1863,1864
34,1858,1864
362,1858,1864
0,563,1865
34,563,1865
0,1862,1865
362,1862,1865
34,1858,1865
362,1858,1865
0,824,1866
165,824,1866
0,1863,1866
362,1863,1866
165,1859,1866
362,1859,1866
0,825,1867
165,825,1867
0,1861,1867
362,1861,1867
165,1859,1867
362,1859,1867
0,822,1868
164,822,1868
0,1862,1868
362,1862,1868
164,1860,1868
362,1860,1868
0,823,1869
164,823,1869
0,1861,1869
362,1861,1869
164,1860,1869
362,1860,1869
0,560,1876
33,560,1876
0,1875,1876
363,1875,1876
33,1870,1876
363,1870,1876
0,561,1877
33,561,1877
0,1874,1877
363,1874,1877
33,1870,1877
363,1870,1877
0,824,1878
165,824,1878
0,1875,1878
363,1875,1878
165,1871,1878
363,1871,1878
0,825,1879
165,825,1879
0,1873,1879
363,1873,1879
165,1871,1879
363,1871,1879
0,826,1880
166,826,1880
0,1874,1880
363,1874,1880
166,1872,1880
363,1872,1880
0,827,1881
166,827,1881
0,1873,1881
363,1873,1881
166,1872,1881
363,1872,1881
0,562,1888
34,562,1888
0,1887,1888
364,1887,1888
34,1882,1888
364,1882,1888
0,563,1889
34,563,1889
0,1886,1889
364,1886,1889
34,1882,1889
364,1882,1889
0,826,1890
166,826,1890
0,1887,1890
364,1887,1890
166,1883,1890
364,1883,1890
0,827,1891
166,827,1891
0,1885,1891
364,1885,1891
166,1883,1891
364,1883,1891
0,828,1892
167,828,1892
0,1886,1892
364,1886,1892
167,1884,1892
364,1884,1892
0,829,1893
167,829,1893
0,1885,1893
364,1885,1893
167,1884,1893
364,1884,1893
0,564,1900
35,564,1900
0,1899,1900
365,1899,1900
35,1894,1900
365,1894,1900
0,565,1901
35,565,1901
0,1898,1901
365,1898,1901
35,1894,1901
365,1894,1901
0,830,1902
168,830,1902
0,1899,1902
365,1899,1902
168,1895,1902
365,1895,1902
0,831,1903
168,831,1903
0,1897,1903
365,1897,1903
168,1895,1903
365,1895,1903
0,828,1904
167,828,1904
0,1898,1904
365,1898,1904
167,1896,1904
365,1896,1904
0,829,1905
167,829,1905
0,1897,1905
365,1897,1905
167,1896,1905
365,1896,1905
0,566,1912
36,566,1912
0,1911,1912
366,1911,1912
36,1906,1912
366,1906,1912
0,567,1913
36,567,1913
0,1910,1913
366,1910,1913
36,1906,1913
366,1906,1913
0,832,1914
169,832,1914
0,1911,1914
366,1911,1914
169,1907,1914
366,1907,1914
0,833,1915
169,833,1915
0,1909,1915
366,1909,1915
169,1907,1915
366,1907,1915
0,830,1916
168,830,1916
0,1910,1916
366,1910,1916
168,1908,1916
366,1908,1916
0,831,1917
168,831,1917
0,1909,1917
366,1909,1917
168,1908,1917
366,1908,1917
0,564,1924
35,564,1924
0,1923,1924
367,1923,1924
35,1918,1924
367,1918,1924
0,565,1925
35,565,1925
0,1922,1925
367,1922,1925
35,1918,1925
367,1918,1925
0,832,1926
169,832,1926
0,1923,1926
367,1923,1926
169,1919,1926
367,1919,1926
0,833,1927
169,833,1927
0,1921,1927
367,1921,1927
169,1919,1927
367,1919,1927
0,834,1928
170,834,1928
0,1922,1928
367,1922,1928
170,1920,1928
367,1920,1928
0,835,1929
170,835,1929
0,1921,1929
367,1921,1929
170,1920,1929
367,1920,1929
0,566,1936
36,566,1936
0,1935,1936
368,1935,1936
36,1930,1936
368,1930,1936
0,567,1937
36,567,1937
0,1934,1937
368,1934,1937
36,1930,1937
368,1930,1937
0,834,1938
170,834,1938
0,1935,1938
368,1935,1938
170,1931,1938
368,1931,1938
0,835,1939
170,835,1939
0,1933,1939
368,1933,1939
170,1931,1939
368,1931,1939
0,836,1940
171,836,1940
0,1934,1940
368,1934,1940
171,1932,1940
368,1932,1940
0,837,1941
171,837,1941
0,1933,1941
368,1933,1941
171,1932,1941
368,1932,1941
0,568,1948
37,568,1948
0,1947,1948
369,1947,1948
37,1942,1948
369,1942,1948
0,569,1949
37,569,1949
0,1946,1949
369,1946,1949
37,1942,1949
369,1942,1949
0,838,1950
172,838,1950
0,1947,1950
369,1947,1950
172,1943,1950
369,1943,1950
0,839,1951
172,839,1951
0,1945,1951
369,1945,1951
172,1943,1951
369,1943,1951
0,836,1952
171,836,1952
0,1946,1952
369,1946,1952
171,1944,1952
369,1944,1952
0,837,1953
171,837,1953
0,1945,1953
369,1945,1953
171,1944,1953
369,1944,1953
0,570,1960
38,570,1960
0,1959,1960
370,1959,1960
38,1954,1960
370,1954,1960
0,571,1961
38,571,1961
0,1958,1961
370,1958,1961
38,1954,1961
370,1954,1961
0,840,1962
173,840,1962
0,1959,1962
370,1959,1962
173,1955,1962
370,1955,1962
0,841,1963
173,841,1963
0,1957,1963
370,1957,1963
173,1955,1963
370,1955,1963
0,838,1964
172,838,1964
0,1958,1964
370,1958,1964
172,1956,1964
370,1956,1964
0,839,1965
172,839,1965
0,1957,1965
370,1957,1965
172,1956,1965
370,1956,1965
0,568,1972
37,568,1972
0,1971,1972
371,1971,1972
37,1966,1972
371,1966,1972
0,569,1973
37,569,1973
0,1970,1973
371,1970,1973
37,1966,1973
371,1966,1973
0,840,1974
173,840,1974
0,1971,1974
371,1971,1974
173,1967,1974
371,1967,1974
0,841,1975
173,841,1975
0,1969,1975
371,1969,1975
173,1967,1975
371,1967,1975
0,842,1976
174,842,1976
0,1970,1976
371,1970,1976
174,1968,1976
371,1968,1976
0,843,1977
174,843,1977
0,1969,1977
371,1969,1977
174,1968,1977
371,1968,1977
0,570,1984
38,570,1984
0,1983,1984
372,1983,1984
38,1978,1984
372,1978,1984
0,571,1985
38,571,1985
0,1982,1985
372,1982,1985
38,1978,1985
372,1978,1985
0,842,1986
174,842,1986
0,1983,1986
372,1983,1986
174,1979,1986
372,1979,1986
0,843,1987
174,843,1987
0,1981,1987
372,1981,1987
174,1979,1987
372,1979,1987
0,844,1988
175,844,1988
0,1982,1988
372,1982,1988
175,1980,1988
372,1980,1988
0,845,1989
175,845,1989
0,1981,1989
372,1981,1989
175,1980,1989
372,1980,1989
0,572,1996
39,572,1996
0,1995,1996
373,1995,1996
39,1990,1996
373,1990,1996
0,573,1997
39,573,1997
0,1994,1997
373,1994,1997
39,1990,1997
373,1990,1997
0,846,1998
176,846,1998
0,1995,1998
373,1995,1998
176,1991,1998
373,1991,1998
0,847,1999
176,847,1999
0,1993,1999
373,1993,1999
176,1991,1999
373,1991,1999
0,844,2000
175,844,2000
0,1994,2000
373,1994,2000
175,1992,2000
373,1992,2000
0,845,2001
175,845,2001
0,1993,2001
373,1993,2001
175,1992,2001
373,1992,2001
0,574,2008
40,574,2008
0,2007,2008
374,2007,2008
40,2002,2008
374,2002,2008
0,575,2009
40,575,2009
0,2006,2009
374,2006,2009
40,2002,2009
374,2002,2009
0,848,2010
177,848,2010
0,2007,2010
374,2007,2010
177,2003,2010
374,2003,2010
0,849,2011
177,849,2011
0,2005,2011
374,2005,2011
177,2003,2011
374,2003,2011
0,846,2012
176,846,2012
0,2006,2012
374,2006,2012
176,2004,2012
374,2004,2012
0,847,2013
176,847,2013
0,2005,2013
374,2005,2013
176,2004,2013
374,2004,2013
0,572,2020
39,572,2020
0,2019,2020
375,2019,2020
39,2014,2020
375,2014,2020
0,573,2021
39,573,2021
0,2018,2021
375,2018,2021
39,2014,2021
375,2014,2021
0,848,2022
177,848,2022
0,2019,2022
375,2019,2022
177,2015,2022
375,2015,2022
0,849,2023
177,849,2023
0,2017,2023
375,2017,2023
177,2015,2023
375,2015,2023
0,850,2024
178,850,2024
0,2018,2024
375,2018,2024
178,2016,2024
375,2016,2024
0,851,2025
178,851,2025
0,2017,2025
375,2017,2025
178,2016,2025
375,2016,2025
0,574,2032
40,574,2032
0,2031,2032
376,2031,2032
40,2026,2032
376,2026,2032
0,575,2033
40,575,2033
0,2030,2033
376,2030,2033
40,2026,2033
376,2026,2033
0,850,2034
178,850,2034
0,2031,2034
376,2031,2034
178,2027,2034
376,2027,2034
0,851,2035
178,851,2035
0,2029,2035
376,2029,2035
178,2027,2035
376,2027,2035
0,852,2036
179,852,2036
0,2030,2036
376,2030,2036
179,2028,2036
376,2028,2036
0,853,2037
179,853,2037
0,2029,2037
376,2029,2037
179,2028,2037
376,2028,2037
0,576,2044
41,576,2044
0,2043,2044
377,2043,2044
41,2038,2044
377,2038,2044
0,577,2045
41,577,2045
0,2042,2045
377,2042,2045
41,2038,2045
377,2038,2045
0,854,2046
180,854,2046
0,2043,2046
377,2043,2046
180,2039,2046
377,2039,2046
0,855,2047
180,855,2047
0,2041,2047
377,2041,2047
180,2039,2047
377,2039,2047
0,852,2048
179,852,2048
0,2042,2048
377,2042,2048
179,2040,2048
377,2040,2048
0,853,2049
179,853,2049
0,2041,2049
377,2041,2049
179,2040,2049
377,2040,2049
0,578,2056
42,578,2056
0,2055,2056
378,2055,2056
42,2050,2056
378,2050,2056
0,579,2057
42,579,2057
0,2054,2057
378,2054,2057
42,2050,2057
378,2050,2057
0,856,2058
181,856,2058
0,2055,2058
378,2055,2058
181,2051,2058
378,2051,2058
0,857,2059
181,857,2059
0,2053,2059
378,2053,2059
181,2051,2059
378,2051,2059
0,854,2060
180,854,2060
0,2054,2060
378,2054,2060
180,2052,2060
378,2052,2060
0,855,2061
180,855,2061
0,2053,2061
378,2053,2061
180,2052,2061
378,2052,2061
0,576,2068
41,576,2068
0,2067,2068
379,2067,2068
41,2062,2068
379,2062,2068
0,577,2069
41,577,2069
0,2066,2069
379,2066,2069
41,2062,2069
379,2062,2069
0,856,2070
181,856,2070
0,2067,2070
379,2067,2070
181,2063,2070
379,2063,2070
0,857,2071
181,857,2071
0,2065,2071
379,2065,2071
181,2063,2071
379,2063,2071
0,858,2072
182,858,2072
0,2066,2072
379,2066,2072
182,2064,2072
379,2064,2072
0,859,2073
182,859,2073
0,2065,2073
379,2065,2073
182,2064,2073
379,2064,2073
0,578,2080
42,578,2080
0,2079,2080
380,2079,2080
42,2074,2080
380,2074,2080
0,579,2081
42,579,2081
0,2078,2081
380,2078,2081
42,2074,2081
380,2074,2081
0,858,2082
182,858,2082
0,2079,2082
380,2079,2082
182,2075,2082
380,2075,2082
0,859,2083
182,859,2083
0,2077,2083
380,2077,2083
182,2075,2083
380,2075,2083
0,860,2084
183,860,2084
0,2078,2084
380,2078,2084
183,2076,2084
380,2076,2084
0,861,2085
183,861,2085
0,2077,2085
380,2077,2085
183,2076,2085
380,2076,2085
0,580,2092
43,580,2092
0,2091,2092
381,2091,2092
43,2086,2092
381,2086,2092
0,581,2093
43,581,2093
0,2090,2093
381,2090,2093
43,2086,2093
381,2086,2093
0,862,2094
184,862,2094
0,2091,2094
381,2091,2094
184,2087,2094
381,2087,2094
0,863,2095
184,863,2095
0,2089,2095
381,2089,2095
184,2087,2095
381,2087,2095
0,860,2096
183,860,2096
0,2090,2096
381,2090,2096
183,2088,2096
381,2088,2096
0,861,2097
183,861,2097
0,2089,2097
381,2089,2097
183,2088,2097
381,2088,2097
0,582,2104
44,582,2104
0,2103,2104
382,2103,2104
44,2098,2104
382,2098,2104
0,583,2105
44,583,2105
0,2102,2105
382,2102,2105
44,2098,2105
382,2098,2105
0,864,2106
185,864,2106
0,2103,2106
382,2103,2106
185,2099,2106
382,2099,2106
0,865,2107
185,865,2107
0,2101,2107
382,2101,2107
185,2099,2107
382,2099,2107
0,862,2108
184,862,2108
0,2102,2108
382,2102,2108
184,2100,2108
382,2100,2108
0,863,2109
184,863,2109
0,2101,2109
382,2101,2109
184,2100,2109
382,2100,2109
0,580,2116
43,580,2116
0,2115,2116
383,2115,2116
43,2110,2116
383,2110,2116
0,581,2117
43,581,2117
0,2114,2117
383,2114,2117
43,2110,2117
383,2110,2117
0,864,2118
185,864,2118
0,2115,2118
383,2115,2118
185,2111,2118
383,2111,2118
0,865,2119
185,865,2119
0,2113,2119
383,2113,2119
185,2111,2119
383,2111,2119
0,866,2120
186,866,2120
0,2114,2120
383,2114,2120
186,2112,2120
383,2112,2120
0,867,2121
186,867,2121
0,2113,2121
383,2113,2121
186,2112,2121
383,2112,2121
0,582,2128
44,582,2128
0,2127,2128
384,2127,2128
44,2122,2128
384,2122,2128
0,583,2129
44,583,2129
0,2126,2129
384,2126,2129
44,2122,2129
384,2122,2129
0,866,2130
186,866,2130
0,2127,2130
384,2127,2130
186,2123,2130
384,2123,2130
0,867,2131
186,867,2131
0,2125,2131
384,2125,2131
186,2123,2131
384,2123,2131
0,868,2132
187,868,2132
0,2126,2132
384,2126,2132
187,2124,2132
384,2124,2132
0,869,2133
187,869,2133
0,2125,2133
384,2125,2133
187,2124,2133
384,2124,2133
0,584,2140
45,584,2140
0,2139,2140
385,2139,2140
45,2134,2140
385,2134,2140
0,585,2141
45,585,2141
0,2138,2141
385,2138,2141
45,2134,2141
385,2134,2141
0,870,2142
188,870,2142
0,2139,2142
385,2139,2142
188,2135,2142
385,2135,2142
0,871,2143
188,871,2143
0,2137,2143
385,2137,2143
188,2135,2143
385,2135,2143
0,868,2144
187,868,2144
0,2138,2144
385,2138,2144
187,2136,2144
385,2136,2144
0,869,2145
187,869,2145
0,2137,2145
385,2137,2145
187,2136,2145
385,2136,2145
0,586,2152
46,586,2152
0,2151,2152
386,2151,2152
46,2146,2152
386,2146,2152
0,587,2153
46,587,2153
0,2150,2153
386,2150,2153
46,2146,2153
386,2146,2153
0,872,2154
189,872,2154
0,2151,2154
386,2151,2154
189,2147,2154
386,2147,2154
0,873,2155
189,873,2155
0,2149,2155
386,2149,2155
189,2147,2155
386,2147,2155
0,870,2156
188,870,2156
0,2150,2156
386,2150,2156
188,2148,2156
386,2148,2156
0,871,2157
188,871,2157
0,2149,2157
386,2149,2157
188,2148,2157
386,2148,2157
0,584,2164
45,584,2164
0,2163,2164
387,2163,2164
45,2158,2164
387,2158,2164
0,585,2165
45,585,2165
0,2162,2165
387,2162,2165
45,2158,2165
387,2158,2165
0,872,2166
189,872,2166
0,2163,2166
387,2163,2166
189,2159,2166
387,2159,2166
0,873,2167
189,873,2167
0,2161,2167
387,2161,2167
189,2159,2167
387,2159,2167
0,874,2168
190,874,2168
0,2162,2168
387,2162,2168
190,2160,2168
387,2160,2168
0,875,2169
190,875,2169
0,2161,2169
387,2161,2169
190,2160,2169
387,2160,2169
0,586,2176
46,586,2176
0,2175,2176
388,2175,2176
46,2170,2176
388,2170,2176
0,587,2177
46,587,2177
0,2174,2177
388,2174,2177
46,2170,2177
388,2170,2177
0,874,2178
190,874,2178
0,2175,2178
388,2175,2178
190,2171,2178
388,2171,2178
0,875,2179
190,875,2179
0,2173,2179
388,2173,2179
190,2171,2179
388,2171,2179
0,876,2180
191,876,2180
0,2174,2180
388,2174,2180
191,2172,2180
388,2172,2180
0,877,2181
191,877,2181
0,2173,2181
388,2173,2181
191,2172,2181
388,2172,2181
0,588,2188
47,588,2188
0,2187,2188
389,2187,2188
47,2182,2188
389,2182,2188
0,589,2189
47,589,2189
0,2186,2189
389,2186,2189
47,2182,2189
389,2182,2189
0,878,2190
192,878,2190
0,2187,2190
389,2187,2190
192,2183,2190
389,2183,2190
0,879,2191
192,879,2191
0,2185,2191
389,2185,2191
192,2183,2191
389,2183,2191
0,876,2192
191,876,2192
0,2186,2192
389,2186,2192
191,2184,2192
389,2184,2192
0,877,2193
191,877,2193
0,2185,2193
389,2185,2193
191,2184,2193
389,2184,2193
0,590,2200
48,590,2200
0,2199,2200
390,2199,2200
48,2194,2200
390,2194,2200
0,591,2201
48,591,2201
0,2198,2201
390,2198,2201
48,2194,2201
390,2194,2201
0,880,2202
193,880,2202
0,2199,2202
390,2199,2202
193,2195,2202
390,2195,2202
0,881,2203
193,881,2203
0,2197,2203
390,2197,2203
193,2195,2203
390,2195,2203
0,878,2204
192,878,2204
0,2198,2204
390,2198,2204
192,2196,2204
390,2196,2204
0,879,2205
192,879,2205
0,2197,2205
390,2197,2205
192,2196,2205
390,2196,2205
0,588,2212
47,588,2212
0,2211,2212
391,2211,2212
47,2206,2212
391,2206,2212
0,589,2213
47,589,2213
0,2210,2213
391,2210,2213
47,2206,2213
391,2206,2213
0,880,2214
193,880,2214
0,2211,2214
391,2211,2214
193,2207,2214
391,2207,2214
0,881,2215
193,881,2215
0,2209,2215
391,2209,2215
193,2207,2215
391,2207,2215
0,882,2216
194,882,2216
0,2210,2216
391,2210,2216
194,2208,2216
391,2208,2216
0,883,2217
194,883,2217
0,2209,2217
391,2209,2217
194,2208,2217
391,2208,2217
0,590,2224
48,590,2224
0,2223,2224
392,2223,2224
48,2218,2224
392,2218,2224
0,591,2225
48,591,2225
0,2222,2225
392,2222,2225
48,2218,2225
392,2218,2225
0,882,2226
194,882,2226
0,2223,2226
392,2223,2226
194,2219,2226
392,2219,2226
0,883,2227
194,883,2227
0,2221,2227
392,2221,2227
194,2219,2227
392,2219,2227
0,884,2228
195,884,2228
0,2222,2228
392,2222,2228
195,2220,2228
392,2220,2228
0,885,2229
195,885,2229
0,2221,2229
392,2221,2229
195,2220,2229
392,2220,2229
0,592,2236
49,592,2236
0,2235,2236
393,2235,2236
49,2230,2236
393,2230,2236
0,593,2237
49,593,2237
0,2234,2237
393,2234,2237
49,2230,2237
393,2230,2237
0,886,2238
196,886,2238
0,2235,2238
393,2235,2238
196,2231,2238
393,2231,2238
0,887,2239
196,887,2239
0,2233,2239
393,2233,2239
196,2231,2239
393,2231,2239
0,884,2240
195,884,2240
0,2234,2240
393,2234,2240
195,2232,2240
393,2232,2240
0,885,2241
195,885,2241
0,2233,2241
393,2233,2241
195,2232,2241
393,2232,2241
0,594,2248
50,594,2248
0,2247,2248
394,2247,2248
50,2242,2248
394,2242,2248
0,595,2249
50,595,2249
0,2246,2249
394,2246,2249
50,2242,2249
394,2242,2249
0,888,2250
197,888,2250
0,2247,2250
394,2247,2250
197,2243,2250
394,2243,2250
0,889,2251
197,889,2251
0,2245,2251
394,2245,2251
197,2243,2251
394,2243,2251
0,886,2252
196,886,2252
0,2246,2252
394,2246,2252
196,2244,2252
394,2244,2252
0,887,2253
196,887,2253
0,2245,2253
394,2245,2253
196,2244,2253
394,2244,2253
0,592,2260
49,592,2260
0,2259,2260
395,2259,2260
49,2254,2260
395,2254,2260
0,593,2261
49,593,2261
0,2258,2261
395,2258,2261
49,2254,2261
395,2254,2261
0,888,2262
197,888,2262
0,2259,2262
395,2259,2262
197,2255,2262
395,2255,2262
0,889,2263
197,889,2263
0,2257,2263
395,2257,2263
197,2255,2263
395,2255,2263
0,890,2264
198,890,2264
0,2258,2264
395,2258,2264
198,2256,2264
395,2256,2264
0,891,2265
198,891,2265
0,2257,2265
395,2257,2265
198,2256,2265
395,2256,2265
0,594,2272
50,594,2272
0,2271,2272
396,2271,2272
50,2266,2272
396,2266,2272
0,595,2273
50,595,2273
0,2270,2273
396,2270,2273
50,2266,2273
396,2266,2273
0,890,2274
198,890,2274
0,2271,2274
396,2271,2274
198,2267,2274
396,2267,2274
0,891,2275
198,891,2275
0,2269,2275
396,2269,2275
198,2267,2275
396,2267,2275
0,892,2276
199,892,2276
0,2270,2276
396,2270,2276
199,2268,2276
396,2268,2276
0,893,2277
199,893,2277
0,2269,2277
396,2269,2277
199,2268,2277
396,2268,2277
0,596,2284
51,596,2284
0,2283,2284
397,2283,2284
51,2278,2284
397,2278,2284
0,597,2285
51,597,2285
0,2282,2285
397,2282,2285
51,2278,2285
397,2278,2285
0,894,2286
200,894,2286
0,2283,2286
397,2283,2286
200,2279,2286
397,2279,2286
0,895,2287
200,895,2287
0,2281,2287
397,2281,2287
200,2279,2287
397,2279,2287
0,892,2288
199,892,2288
0,2282,2288
397,2282,2288
199,2280,2288
397,2280,2288
0,893,2289
199,893,2289
0,2281,2289
397,2281,2289
199,2280,2289
397,2280,2289
0,598,2296
52,598,2296
0,2295,2296
398,2295,2296
52,2290,2296
398,2290,2296
0,599,2297
52,599,2297
0,2294,2297
398,2294,2297
52,2290,2297
398,2290,2297
0,896,2298
201,896,2298
0,2295,2298
398,2295,2298
201,2291,2298
398,2291,2298
0,897,2299
201,897,2299
0,2293,2299
398,2293,2299
201,2291,2299
398,2291,2299
0,894,2300
200,894,2300
0,2294,2300
398,2294,2300
200,2292,2300
398,2292,2300
0,895,2301
200,895,2301
0,2293,2301
398,2293,2301
200,2292,2301
398,2292,2301
0,596,2308
51,596,2308
0,2307,2308
399,2307,2308
51,2302,2308
399,2302,2308
0,597,2309
51,597,2309
0,2306,2309
399,2306,2309
51,2302,2309
399,2302,2309
0,896,2310
201,896,2310
0,2307,2310
399,2307,2310
201,2303,2310
399,2303,2310
0,897,2311
201,897,2311
0,2305,2311
399,2305,2311
201,2303,2311
399,2303,2311
0,898,2312
202,898,2312
0,2306,2312
399,2306,2312
202,2304,2312
399,2304,2312
0,899,2313
202,899,2313
0,2305,2313
399,2305,2313
202,2304,2313
399,2304,2313
0,598,2320
52,598,2320
0,2319,2320
400,2319,2320
52,2314,2320
400,2314,2320
0,599,2321
52,599,2321
0,2318,2321
400,2318,2321
52,2314,2321
400,2314,2321
0,898,2322
202,898,2322
0,2319,2322
400,2319,2322
202,2315,2322
400,2315,2322
0,899,2323
202,899,2323
0,2317,2323
400,2317,2323
202,2315,2323
400,2315,2323
0,900,2324
203,900,2324
0,2318,2324
400,2318,2324
203,2316,2324
400,2316,2324
0,901,2325
203,901,2325
0,2317,2325
400,2317,2325
203,2316,2325
400,2316,2325
0,600,2332
53,600,2332
0,2331,2332
401,2331,2332
53,2326,2332
401,2326,2332
0,601,2333
53,601,2333
0,2330,2333
401,2330,2333
53,2326,2333
401,2326,2333
0,902,2334
204,902,2334
0,2331,2334
401,2331,2334
204,2327,2334
401,2327,2334
0,903,2335
204,903,2335
0,2329,2335
401,2329,2335
204,2327,2335
401,2327,2335
0,900,2336
203,900,2336
0,2330,2336
401,2330,2336
203,2328,2336
401,2328,2336
0,901,2337
203,901,2337
0,2329,2337
401,2329,2337
203,2328,2337
401,2328,2337
0,602,2344
54,602,2344
0,2343,2344
402,2343,2344
54,2338,2344
402,2338,2344
0,603,2345
54,603,2345
0,2342,2345
402,2342,2345
54,2338,2345
402,2338,2345
0,904,2346
205,904,2346
0,2343,2346
402,2343,2346
205,2339,2346
402,2339,2346
0,905,2347
205,905,2347
0,2341,2347
402,2341,2347
205,2339,2347
402,2339,2347
0,902,2348
204,902,2348
0,2342,2348
402,2342,2348
204,2340,2348
402,2340,2348
0,903,2349
204,903,2349
0,2341,2349
402,2341,2349
204,2340,2349
402,2340,2349
0,600,2356
53,600,2356
0,2355,2356
403,2355,2356
53,2350,2356
403,2350,2356
0,601,2357
53,601,2357
0,2354,2357
403,2354,2357
53,2350,2357
403,2350,2357
0,904,2358
205,904,2358
0,2355,2358
403,2355,2358
205,2351,2358
403,2351,2358
0,905,2359
205,905,2359
0,2353,2359
403,2353,2359
205,2351,2359
403,2351,2359
0,906,2360
206,906,2360
0,2354,2360
403,2354,2360
206,2352,2360
403,2352,2360
0,907,2361
206,907,2361
0,2353,2361
403,2353,2361
206,2352,2361
403,2352,2361
0,602,2368
54,602,2368
0,2367,2368
404,2367,2368
54,2362,2368
404,2362,2368
0,603,2369
54,603,2369
0,2366,2369
404,2366,2369
54,2362,2369
404,2362,2369
0,906,2370
206,906,2370
0,2367,2370
404,2367,2370
206,2363,2370
404,2363,2370
0,907,2371
206,907,2371
0,2365,2371
404,2365,2371
206,2363,2371
404,2363,2371
0,908,2372
207,908,2372
0,2366,2372
404,2366,2372
207,2364,2372
404,2364,2372
0,909,2373
207,909,2373
0,2365,2373
404,2365,2373
207,2364,2373
404,2364,2373
0,604,2380
55,604,2380
0,2379,2380
405,2379,2380
55,2374,2380
405,2374,2380
0,605,2381
55,605,2381
0,2378,2381
405,2378,2381
55,2374,2381
405,2374,2381
0,910,2382
208,910,2382
0,2379,2382
405,2379,2382
208,2375,2382
405,2375,2382
0,911,2383
208,911,2383
0,2377,2383
405,2377,2383
208,2375,2383
405,2375,2383
0,908,2384
207,908,2384
0,2378,2384
405,2378,2384
207,2376,2384
405,2376,2384
0,909,2385
207,909,2385
0,2377,2385
405,2377,2385
207,2376,2385
405,2376,2385
0,606,2392
56,606,2392
0,2391,2392
406,2391,2392
56,2386,2392
406,2386,2392
0,607,2393
56,607,2393
0,2390,2393
406,2390,2393
56,2386,2393
406,2386,2393
0,912,2394
209,912,2394
0,2391,2394
406,2391,2394
209,2387,2394
406,2387,2394
0,913,2395
209,913,2395
0,2389,2395
406,2389,2395
209,2387,2395
406,2387,2395
0,910,2396
208,910,2396
0,2390,2396
406,2390,2396
208,2388,2396
406,2388,2396
0,911,2397
208,911,2397
0,2389,2397
406,2389,2397
208,2388,2397
406,2388,2397
0,604,2404
55,604,2404
0,2403,2404
407,2403,2404
55,2398,2404
407,2398,2404
0,605,2405
55,605,2405
0,2402,2405
407,2402,2405
55,2398,2405
407,2398,2405
0,912,2406
209,912,2406
0,2403,2406
407,2403,2406
209,2399,2406
407,2399,2406
0,913,2407
209,913,2407
0,2401,2407
407,2401,2407
209,2399,2407
407,2399,2407
0,914,2408
210,914,2408
0,2402,2408
407,2402,2408
210,2400,2408
407,2400,2408
0,915,2409
210,915,2409
0,2401,2409
407,2401,2409
210,2400,2409
407,2400,2409
0,606,2416
56,606,2416
0,2415,2416
408,2415,2416
56,2410,2416
408,2410,2416
0,607,2417
56,607,2417
0,2414,2417
408,2414,2417
56,2410,2417
408,2410,2417
0,914,2418
210,914,2418
0,2415,2418
408,2415,2418
210,2411,2418
408,2411,2418
0,915,2419
210,915,2419
0,2413,2419
408,2413,2419
210,2411,2419
408,2411,2419
0,916,2420
211,916,2420
0,2414,2420
408,2414,2420
211,2412,2420
408,2412,2420
0,917,2421
211,917,2421
0,2413,2421
408,2413,2421
211,2412,2421
408,2412,2421
0,608,2428
57,608,2428
0,2427,2428
409,2427,2428
57,2422,2428
409,2422,2428
0,609,2429
57,609,2429
0,2426,2429
409,2426,2429
57,2422,2429
409,2422,2429
0,918,2430
212,918,2430
0,2427,2430
409,2427,2430
212,2423,2430
409,2423,2430
0,919,2431
212,919,2431
0,2425,2431
409,2425,2431
212,2423,2431
409,2423,2431
0,916,2432
211,916,2432
0,2426,2432
409,2426,2432
211,2424,2432
409,2424,2432
0,917,2433
211,917,2433
0,2425,2433
409,2425,2433
211,2424,2433
409,2424,2433
0,610,2440
58,610,2440
0,2439,2440
410,2439,2440
58,2434,2440
410,2434,2440
0,611,2441
58,611,2441
0,2438,2441
410,2438,2441
58,2434,2441
410,2434,2441
0,920,2442
213,920,2442
0,2439,2442
410,2439,2442
213,2435,2442
410,2435,2442
0,921,2443
213,921,2443
0,2437,2443
410,2437,2443
213,2435,2443
410,2435,2443
0,918,2444
212,918,2444
0,2438,2444
410,2438,2444
212,2436,2444
410,2436,2444
0,919,2445
212,919,2445
0,2437,2445
410,2437,2445
212,2436,2445
410,2436,2445
0,608,2452
57,608,2452
0,2451,2452
411,2451,2452
57,2446,2452
411,2446,2452
0,609,2453
57,609,2453
0,2450,2453
411,2450,2453
57,2446,2453
411,2446,2453
0,920,2454
213,920,2454
0,2451,2454
411,2451,2454
213,2447,2454
411,2447,2454
0,921,2455
213,921,2455
0,2449,2455
411,2449,2455
213,2447,2455
411,2447,2455
0,922,2456
214,922,2456
0,2450,2456
411,2450,2456
214,2448,2456
411,2448,2456
0,923,2457
214,923,2457
0,2449,2457
411,2449,2457
214,2448,2457
411,2448,2457
0,610,2464
58,610,2464
0,2463,2464
412,2463,2464
58,2458,2464
412,2458,2464
0,611,2465
58,611,2465
0,2462,2465
412,2462,2465
58,2458,2465
412,2458,2465
0,922,2466
214,922,2466
0,2463,2466
412,2463,2466
214,2459,2466
412,2459,2466
0,923,2467
214,923,2467
0,2461,2467
412,2461,2467
214,2459,2467
412,2459,2467
0,924,2468
215,924,2468
0,2462,2468
412,2462,2468
215,2460,2468
412,2460,2468
0,925,2469
215,925,2469
0,2461,2469
412,2461,2469
215,2460,2469
412,2460,2469
0,612,2476
59,612,2476
0,2475,2476
413,2475,2476
59,2470,2476
413,2470,2476
0,613,2477
59,613,2477
0,2474,2477
413,2474,2477
59,2470,2477
413,2470,2477
0,926,2478
216,926,2478
0,2475,2478
413,2475,2478
216,2471,2478
413,2471,2478
0,927,2479
216,927,2479
0,2473,2479
413,2473,2479
216,2471,2479
413,2471,2479
0,924,2480
215,924,2480
0,2474,2480
413,2474,2480
215,2472,2480
413,2472,2480
0,925,2481
215,925,2481
0,2473,2481
413,2473,2481
215,2472,2481
413,2472,2481
0,614,2488
60,614,2488
0,2487,2488
414,2487,2488
60,2482,2488
414,2482,2488
0,615,2489
60,615,2489
0,2486,2489
414,2486,2489
60,2482,2489
414,2482,2489
0,928,2490
217,928,2490
0,2487,2490
414,2487,2490
217,2483,2490
414,2483,2490
0,929,2491
217,929,2491
0,2485,2491
414,2485,2491
217,2483,2491
414,2483,2491
0,926,2492
216,926,2492
0,2486,2492
414,2486,2492
216,2484,2492
414,2484,2492
0,927,2493
216,927,2493
0,2485,2493
414,2485,2493
216,2484,2493
414,2484,2493
0,612,2500
59,612,2500
0,2499,2500
415,2499,2500
59,2494,2500
415,2494,2500
0,613,2501
59,613,2501
0,2498,2501
415,2498,2501
59,2494,2501
415,2494,2501
0,928,2502
217,928,2502
0,2499,2502
415,2499,2502
217,2495,2502
415,2495,2502
0,929,2503
217,929,2503
0,2497,2503
415,2497,2503
217,2495,2503
415,2495,2503
0,930,2504
218,930,2504
0,2498,2504
415,2498,2504
218,2496,2504
415,2496,2504
0,931,2505
218,931,2505
0,2497,2505
415,2497,2505
218,2496,2505
415,2496,2505
0,614,2512
60,614,2512
0,2511,2512
416,2511,2512
60,2506,2512
416,2506,2512
0,615,2513
60,615,2513
0,2510,2513
416,2510,2513
60,2506,2513
416,2506,2513
0,930,2514
218,930,2514
0,2511,2514
416,2511,2514
218,2507,2514
416,2507,2514
0,931,2515
218,931,2515
0,2509,2515
416,2509,2515
218,2507,2515
416,2507,2515
0,932,2516
219,932,2516
0,2510,2516
416,2510,2516
219,2508,2516
416,2508,2516
0,933,2517
219,933,2517
0,2509,2517
416,2509,2517
219,2508,2517
416,2508,2517
0,616,2524
61,616,2524
0,2523,2524
417,2523,2524
61,2518,2524
417,2518,2524
0,617,2525
61,617,2525
0,2522,2525
417,2522,2525
61,2518,2525
417,2518,2525
0,934,2526
220,934,2526
0,2523,2526
417,2523,2526
220,2519,2526
417,2519,2526
0,935,2527
220,935,2527
0,2521,2527
417,2521,2527
220,2519,2527
417,2519,2527
0,932,2528
219,932,2528
0,2522,2528
417,2522,2528
219,2520,2528
417,2520,2528
0,933,2529
219,933,2529
0,2521,2529
417,2521,2529
219,2520,2529
417,2520,2529
0,618,2536
62,618,2536
0,2535,2536
418,2535,2536
62,2530,2536
418,2530,2536
0,619,2537
62,619,2537
0,2534,2537
418,2534,2537
62,2530,2537
418,2530,2537
0,936,2538
221,936,2538
0,2535,2538
418,2535,2538
221,2531,2538
418,2531,2538
0,937,2539
221,937,2539
0,2533,2539
418,2533,2539
221,2531,2539
418,2531,2539
0,934,2540
220,934,2540
0,2534,2540
418,2534,2540
220,2532,2540
418,2532,2540
0,935,2541
220,935,2541
0,2533,2541
418,2533,2541
220,2532,2541
418,2532,2541
0,616,2548
61,616,2548
0,2547,2548
419,2547,2548
61,2542,2548
419,2542,2548
0,617,2549
61,617,2549
0,2546,2549
419,2546,2549
61,2542,2549
419,2542,2549
0,936,2550
221,936,2550
0,2547,2550
419,2547,2550
221,2543,2550
419,2543,2550
0,937,2551
221,937,2551
0,2545,2551
419,2545,2551
221,2543,2551
419,2543,2551
0,938,2552
222,938,2552
0,2546,2552
419,2546,2552
222,2544,2552
419,2544,2552
0,939,2553
222,939,2553
0,2545,2553
419,2545,2553
222,2544,2553
419,2544,2553
0,618,2560
62,618,2560
0,2559,2560
420,2559,2560
62,2554,2560
420,2554,2560
0,619,2561
62,619,2561
0,2558,2561
420,2558,2561
62,2554,2561
420,2554,2561
0,938,2562
222,938,2562
0,2559,2562
420,2559,2562
222,2555,2562
420,2555,2562
0,939,2563
222,939,2563
0,2557,2563
420,2557,2563
222,2555,2563
420,2555,2563
0,940,2564
223,940,2564
0,2558,2564
420,2558,2564
223,2556,2564
420,2556,2564
0,941,2565
223,941,2565
0,2557,2565
420,2557,2565
223,2556,2565
420,2556,2565
0,620,2572
63,620,2572
0,2571,2572
421,2571,2572
63,2566,2572
421,2566,2572
0,621,2573
63,621,2573
0,2570,2573
421,2570,2573
63,2566,2573
421,2566,2573
0,942,2574
224,942,2574
0,2571,2574
421,2571,2574
224,2567,2574
421,2567,2574
0,943,2575
224,943,2575
0,2569,2575
421,2569,2575
224,2567,2575
421,2567,2575
0,940,2576
223,940,2576
0,2570,2576
421,2570,2576
223,2568,2576
421,2568,2576
0,941,2577
223,941,2577
0,2569,2577
421,2569,2577
223,2568,2577
421,2568,2577
0,622,2584
64,622,2584
0,2583,2584
422,2583,2584
64,2578,2584
422,2578,2584
0,623,2585
64,623,2585
0,2582,2585
422,2582,2585
64,2578,2585
422,2578,2585
0,944,2586
225,944,2586
0,2583,2586
422,2583,2586
225,2579,2586
422,2579,2586
0,945,2587
225,945,2587
0,2581,2587
422,2581,2587
225,2579,2587
422,2579,2587
0,942,2588
224,942,2588
0,2582,2588
422,2582,2588
224,2580,2588
422,2580,2588
0,943,2589
224,943,2589
0,2581,2589
422,2581,2589
224,2580,2589
422,2580,2589
0,620,2596
63,620,2596
0,2595,2596
423,2595,2596
63,2590,2596
423,2590,2596
0,621,2597
63,621,2597
0,2594,2597
423,2594,2597
63,2590,2597
423,2590,2597
0,944,2598
225,944,2598
0,2595,2598
423,2595,2598
225,2591,2598
423,2591,2598
0,945,2599
225,945,2599
0,2593,2599
423,2593,2599
225,2591,2599
423,2591,2599
0,946,2600
226,946,2600
0,2594,2600
423,2594,2600
226,2592,2600
423,2592,2600
0,947,2601
226,947,2601
0,2593,2601
423,2593,2601
226,2592,2601
423,2592,2601
0,622,2608
64,622,2608
0,2607,2608
424,2607,2608
64,2602,2608
424,2602,2608
0,623,2609
64,623,2609
0,2606,2609
424,2606,2609
64,2602,2609
424,2602,2609
0,946,2610
226,946,2610
0,2607,2610
424,2607,2610
226,2603,2610
424,2603,2610
0,947,2611
226,947,2611
0,2605,2611
424,2605,2611
226,2603,2611
424,2603,2611
0,948,2612
227,948,2612
0,2606,2612
424,2606,2612
227,2604,2612
424,2604,2612
0,949,2613
227,949,2613
0,2605,2613
424,2605,2613
227,2604,2613
424,2604,2613
0,624,2620
65,624,2620
0,2619,2620
425,2619,2620
65,2614,2620
425,2614,2620
0,625,2621
65,625,2621
0,2618,2621
425,2618,2621
65,2614,2621
425,2614,2621
0,950,2622
228,950,2622
0,2619,2622
425,2619,2622
228,2615,2622
425,2615,2622
0,951,2623
228,951,2623
0,2617,2623
425,2617,2623
228,2615,2623
425,2615,2623
0,948,2624
227,948,2624
0,2618,2624
425,2618,2624
227,2616,2624
425,2616,2624
0,949,2625
227,949,2625
0,2617,2625
425,2617,2625
227,2616,2625
425,2616,2625
0,626,2632
66,626,2632
0,2631,2632
426,2631,2632
66,2626,2632
426,2626,2632
0,627,2633
66,627,2633
0,2630,2633
426,2630,2633
66,2626,2633
426,2626,2633
0,952,2634
229,952,2634
0,2631,2634
426,2631,2634
229,2627,2634
426,2627,2634
0,953,2635
229,953,2635
0,2629,2635
426,2629,2635
229,2627,2635
426,2627,2635
0,950,2636
228,950,2636
0,2630,2636
426,2630,2636
228,2628,2636
426,2628,2636
0,951,2637
228,951,2637
0,2629,2637
426,2629,2637
228,2628,2637
426,2628,2637
0,624,2644
65,624,2644
0,2643,2644
427,2643,2644
65,2638,2644
427,2638,2644
0,625,2645
65,625,2645
0,2642,2645
427,2642,2645
65,2638,2645
427,2638,2645
0,952,2646
229,952,2646
0,2643,2646
427,2643,2646
229,2639,2646
427,2639,2646
0,953,2647
229,953,2647
0,2641,2647
427,2641,2647
229,2639,2647
427,2639,2647
0,954,2648
230,954,2648
0,2642,2648
427,2642,2648
230,2640,2648
427,2640,2648
0,955,2649
230,955,2649
0,2641,2649
427,2641,2649
230,2640,2649
427,2640,2649
0,626,2656
66,626,2656
0,2655,2656
428,2655,2656
66,2650,2656
428,2650,2656
0,627,2657
66,627,2657
0,2654,2657
428,2654,2657
66,2650,2657
428,2650,2657
0,954,2658
230,954,2658
0,2655,2658
428,2655,2658
230,2651,2658
428,2651,2658
0,955,2659
230,955,2659
0,2653,2659
428,2653,2659
230,2651,2659
428,2651,2659
0,956,2660
231,956,2660
0,2654,2660
428,2654,2660
231,2652,2660
428,2652,2660
0,957,2661
231,957,2661
0,2653,2661
428,2653,2661
231,2652,2661
428,2652,2661
0,628,2668
67,628,2668
0,2667,2668
429,2667,2668
67,2662,2668
429,2662,2668
0,629,2669
67,629,2669
0,2666,2669
429,2666,2669
67,2662,2669
429,2662,2669
0,958,2670
232,958,2670
0,2667,2670
429,2667,2670
232,2663,2670
429,2663,2670
0,959,2671
232,959,2671
0,2665,2671
429,2665,2671
232,2663,2671
429,2663,2671
0,956,2672
231,956,2672
0,2666,2672
429,2666,2672
231,2664,2672
429,2664,2672
0,957,2673
231,957,2673
0,2665,2673
429,2665,2673
231,2664,2673
429,2664,2673
0,630,2680
68,630,2680
0,2679,2680
430,2679,2680
68,2674,2680
430,2674,2680
0,631,2681
68,631,2681
0,2678,2681
430,2678,2681
68,2674,2681
430,2674,2681
0,960,2682
233,960,2682
0,2679,2682
430,2679,2682
233,2675,2682
430,2675,2682
0,961,2683
233,961,2683
0,2677,2683
430,2677,2683
233,2675,2683
430,2675,2683
0,958,2684
232,958,2684
0,2678,2684
430,2678,2684
232,2676,2684
430,2676,2684
0,959,2685
232,959,2685
0,2677,2685
430,2677,2685
232,2676,2685
430,2676,2685
0,628,2692
67,628,2692
0,2691,2692
431,2691,2692
67,2686,2692
431,2686,2692
0,629,2693
67,629,2693
0,2690,2693
431,2690,2693
67,2686,2693
431,2686,2693
0,960,2694
233,960,2694
0,2691,2694
431,2691,2694
233,2687,2694
431,2687,2694
0,961,2695
233,961,2695
0,2689,2695
431,2689,2695
233,2687,2695
431,2687,2695
0,962,2696
234,962,2696
0,2690,2696
431,2690,2696
234,2688,2696
431,2688,2696
0,963,2697
234,963,2697
0,2689,2697
431,2689,2697
234,2688,2697
431,2688,2697
0,630,2704
68,630,2704
0,2703,2704
432,2703,2704
68,2698,2704
432,2698,2704
0,631,2705
68,631,2705
0,2702,2705
432,2702,2705
68,2698,2705
432,2698,2705
0,962,2706
234,962,2706
0,2703,2706
432,2703,2706
234,2699,2706
432,2699,2706
0,963,2707
234,963,2707
0,2701,2707
432,2701,2707
234,2699,2707
432,2699,2707
0,964,2708
235,964,2708
0,2702,2708
432,2702,2708
235,2700,2708
432,2700,2708
0,965,2709
235,965,2709
0,2701,2709
432,2701,2709
235,2700,2709
432,2700,2709
0,632,2716
69,632,2716
0,2715,2716
433,2715,2716
69,2710,2716
433,2710,2716
0,633,2717
69,633,2717
0,2714,2717
433,2714,2717
69,2710,2717
433,2710,2717
0,966,2718
236,966,2718
0,2715,2718
433,2715,2718
236,2711,2718
433,2711,2718
0,967,2719
236,967,2719
0,2713,2719
433,2713,2719
236,2711,2719
433,2711,2719
0,964,2720
235,964,2720
0,2714,2720
433,2714,2720
235,2712,2720
433,2712,2720
0,965,2721
235,965,2721
0,2713,2721
433,2713,2721
235,2712,2721
433,2712,2721
0,634,2728
70,634,2728
0,2727,2728
434,2727,2728
70,2722,2728
434,2722,2728
0,635,2729
70,635,2729
0,2726,2729
434,2726,2729
70,2722,2729
434,2722,2729
0,968,2730
237,968,2730
0,2727,2730
434,2727,2730
237,2723,2730
434,2723,2730
0,969,2731
237,969,2731
0,2725,2731
434,2725,2731
237,2723,2731
434,2723,2731
0,966,2732
236,966,2732
0,2726,2732
434,2726,2732
236,2724,2732
434,2724,2732
0,967,2733
236,967,2733
0,2725,2733
434,2725,2733
236,2724,2733
434,2724,2733
0,632,2740
69,632,2740
0,2739,2740
435,2739,2740
69,2734,2740
435,2734,2740
0,633,2741
69,633,2741
0,2738,2741
435,2738,2741
69,2734,2741
435,2734,2741
0,968,2742
237,968,2742
0,2739,2742
435,2739,2742
237,2735,2742
435,2735,2742
0,969,2743
237,969,2743
0,2737,2743
435,2737,2743
237,2735,2743
435,2735,2743
0,970,2744
238,970,2744
0,2738,2744
435,2738,2744
238,2736,2744
435,2736,2744
0,971,2745
238,971,2745
0,2737,2745
435,2737,2745
238,2736,2745
435,2736,2745
0,634,2752
70,634,2752
0,2751,2752
436,2751,2752
70,2746,2752
436,2746,2752
0,635,2753
70,635,2753
0,2750,2753
436,2750,2753
70,2746,2753
436,2746,2753
0,970,2754
238,970,2754
0,2751,2754
436,2751,2754
238,2747,2754
436,2747,2754
0,971,2755
238,971,2755
0,2749,2755
436,2749,2755
238,2747,2755
436,2747,2755
0,972,2756
239,972,2756
0,2750,2756
436,2750,2756
239,2748,2756
436,2748,2756
0,973,2757
239,973,2757
0,2749,2757
436,2749,2757
239,2748,2757
436,2748,2757
0,636,2764
71,636,2764
0,2763,2764
437,2763,2764
71,2758,2764
437,2758,2764
0,637,2765
71,637,2765
0,2762,2765
437,2762,2765
71,2758,2765
437,2758,2765
0,974,2766
240,974,2766
0,2763,2766
437,2763,2766
240,2759,2766
437,2759,2766
0,975,2767
240,975,2767
0,2761,2767
437,2761,2767
240,2759,2767
437,2759,2767
0,972,2768
239,972,2768
0,2762,2768
437,2762,2768
239,2760,2768
437,2760,2768
0,973,2769
239,973,2769
0,2761,2769
437,2761,2769
239,2760,2769
437,2760,2769
0,638,2776
72,638,2776
0,2775,2776
438,2775,2776
72,2770,2776
438,2770,2776
0,639,2777
72,639,2777
0,2774,2777
438,2774,2777
72,2770,2777
438,2770,2777
0,976,2778
241,976,2778
0,2775,2778
438,2775,2778
241,2771,2778
438,2771,2778
0,977,2779
241,977,2779
0,2773,2779
438,2773,2779
241,2771,2779
438,2771,2779
0,974,2780
240,974,2780
0,2774,2780
438,2774,2780
240,2772,2780
438,2772,2780
0,975,2781
240,975,2781
0,2773,2781
438,2773,2781
240,2772,2781
438,2772,2781
0,636,2788
71,636,2788
0,2787,2788
439,2787,2788
71,2782,2788
439,2782,2788
0,637,2789
71,637,2789
0,2786,2789
439,2786,2789
71,2782,2789
439,2782,2789
0,976,2790
241,976,2790
0,2787,2790
439,2787,2790
241,2783,2790
439,2783,2790
0,977,2791
241,977,2791
0,2785,2791
439,2785,2791
241,2783,2791
439,2783,2791
0,978,2792
242,978,2792
0,2786,2792
439,2786,2792
242,2784,2792
439,2784,2792
0,979,2793
242,979,2793
0,2785,2793
439,2785,2793
242,2784,2793
439,2784,2793
0,638,2800
72,638,2800
0,2799,2800
440,2799,2800
72,2794,2800
440,2794,2800
0,639,2801
72,639,2801
0,2798,2801
440,2798,2801
72,2794,2801
440,2794,2801
0,978,2802
242,978,2802
0,2799,2802
440,2799,2802
242,2795,2802
440,2795,2802
0,979,2803
242,979,2803
0,2797,2803
440,2797,2803
242,2795,2803
440,2795,2803
0,980,2804
243,980,2804
0,2798,2804
440,2798,2804
243,2796,2804
440,2796,2804
0,981,2805
243,981,2805
0,2797,2805
440,2797,2805
243,2796,2805
440,2796,2805
0,640,2812
73,640,2812
0,2811,2812
441,2811,2812
73,2806,2812
441,2806,2812
0,641,2813
73,641,2813
0,2810,2813
441,2810,2813
73,2806,2813
441,2806,2813
0,982,2814
244,982,2814
0,2811,2814
441,2811,2814
244,2807,2814
441,2807,2814
0,983,2815
244,983,2815
0,2809,2815
441,2809,2815
244,2807,2815
441,2807,2815
0,980,2816
243,980,2816
0,2810,2816
441,2810,2816
243,2808,2816
441,2808,2816
0,981,2817
243,981,2817
0,2809,2817
441,2809,2817
243,2808,2817
441,2808,2817
0,642,2824
74,642,2824
0,2823,2824
442,2823,2824
74,2818,2824
442,2818,2824
0,643,2825
74,643,2825
0,2822,2825
442,2822,2825
74,2818,2825
442,2818,2825
0,984,2826
245,984,2826
0,2823,2826
442,2823,2826
245,2819,2826
442,2819,2826
0,985,2827
245,985,2827
0,2821,2827
442,2821,2827
245,2819,2827
442,2819,2827
0,982,2828
244,982,2828
0,2822,2828
442,2822,2828
244,2820,2828
442,2820,2828
0,983,2829
244,983,2829
0,2821,2829
442,2821,2829
244,2820,2829
442,2820,2829
0,640,2836
73,640,2836
0,2835,2836
443,2835,2836
73,2830,2836
443,2830,2836
0,641,2837
73,641,2837
0,2834,2837
443,2834,2837
73,2830,2837
443,2830,2837
0,984,2838
245,984,2838
0,2835,2838
443,2835,2838
245,2831,2838
443,2831,2838
0,985,2839
245,985,2839
0,2833,2839
443,2833,2839
245,2831,2839
443,2831,2839
0,986,2840
246,986,2840
0,2834,2840
443,2834,2840
246,2832,2840
443,2832,2840
0,987,2841
246,987,2841
0,2833,2841
443,2833,2841
246,2832,2841
443,2832,2841
0,642,2848
74,642,2848
0,2847,2848
444,2847,2848
74,2842,2848
444,2842,2848
0,643,2849
74,643,2849
0,2846,2849
444,2846,2849
74,2842,2849
444,2842,2849
0,986,2850
246,986,2850
0,2847,2850
444,2847,2850
246,2843,2850
444,2843,2850
0,987,2851
246,987,2851
0,2845,2851
444,2845,2851
246,2843,2851
444,2843,2851
0,988,2852
247,988,2852
0,2846,2852
444,2846,2852
247,2844,2852
444,2844,2852
0,989,2853
247,989,2853
0,2845,2853
444,2845,2853
247,2844,2853
444,2844,2853
0,644,2860
75,644,2860
0,2859,2860
445,2859,2860
75,2854,2860
445,2854,2860
0,645,2861
75,645,2861
0,2858,2861
445,2858,2861
75,2854,2861
445,2854,2861
0,990,2862
248,990,2862
0,2859,2862
445,2859,2862
248,2855,2862
445,2855,2862
0,991,2863
248,991,2863
0,2857,2863
445,2857,2863
248,2855,2863
445,2855,2863
0,988,2864
247,988,2864
0,2858,2864
445,2858,2864
247,2856,2864
445,2856,2864
0,989,2865
247,989,2865
0,2857,2865
445,2857,2865
247,2856,2865
445,2856,2865
0,646,2872
76,646,2872
0,2871,2872
446,2871,2872
76,2866,2872
446,2866,2872
0,647,2873
76,647,2873
0,2870,2873
446,2870,2873
76,2866,2873
446,2866,2873
0,992,2874
249,992,2874
0,2871,2874
446,2871,2874
249,2867,2874
446,2867,2874
0,993,2875
249,993,2875
0,2869,2875
446,2869,2875
249,2867,2875
446,2867,2875
0,990,2876
248,990,2876
0,2870,2876
446,2870,2876
248,2868,2876
446,2868,2876
0,991,2877
248,991,2877
0,2869,2877
446,2869,2877
248,2868,2877
446,2868,2877
0,644,2884
75,644,2884
0,2883,2884
447,2883,2884
75,2878,2884
447,2878,2884
0,645,2885
75,645,2885
0,2882,2885
447,2882,2885
75,2878,2885
447,2878,2885
0,992,2886
249,992,2886
0,2883,2886
447,2883,2886
249,2879,2886
447,2879,2886
0,993,2887
249,993,2887
0,2881,2887
447,2881,2887
249,2879,2887
447,2879,2887
0,994,2888
250,994,2888
0,2882,2888
447,2882,2888
250,2880,2888
447,2880,2888
0,995,2889
250,995,2889
0,2881,2889
447,2881,2889
250,2880,2889
447,2880,2889
0,646,2896
76,646,2896
0,2895,2896
448,2895,2896
76,2890,2896
448,2890,2896
0,647,2897
76,647,2897
0,2894,2897
448,2894,2897
76,2890,2897
448,2890,2897
0,994,2898
250,994,2898
0,2895,2898
448,2895,2898
250,2891,2898
448,2891,2898
0,995,2899
250,995,2899
0,2893,2899
448,2893,2899
250,2891,2899
448,2891,2899
0,996,2900
251,996,2900
0,2894,2900
448,2894,2900
251,2892,2900
448,2892,2900
0,997,2901
251,997,2901
0,2893,2901
448,2893,2901
251,2892,2901
448,2892,2901
0,648,2908
77,648,2908
0,2907,2908
449,2907,2908
77,2902,2908
449,2902,2908
0,649,2909
77,649,2909
0,2906,2909
449,2906,2909
77,2902,2909
449,2902,2909
0,998,2910
252,998,2910
0,2907,2910
449,2907,2910
252,2903,2910
449,2903,2910
0,999,2911
252,999,2911
0,2905,2911
449,2905,2911
252,2903,2911
449,2903,2911
0,996,2912
251,996,2912
0,2906,2912
449,2906,2912
251,2904,2912
449,2904,2912
0,997,2913
251,997,2913
0,2905,2913
449,2905,2913
251,2904,2913
449,2904,2913
0,650,2920
78,650,2920
0,2919,2920
450,2919,2920
78,2914,2920
450,2914,2920
0,651,2921
78,651,2921
0,2918,2921
450,2918,2921
78,2914,2921
450,2914,2921
0,1000,2922
253,1000,2922
0,2919,2922
450,2919,2922
253,2915,2922
450,2915,2922
0,1001,2923
253,1001,2923
0,2917,2923
450,2917,2923
253,2915,2923
450,2915,2923
0,998,2924
252,998,2924
0,2918,2924
450,2918,2924
252,2916,2924
450,2916,2924
0,999,2925
252,999,2925
0,2917,2925
450,2917,2925
252,2916,2925
450,2916,2925
0,648,2932
77,648,2932
0,2931,2932
451,2931,2932
77,2926,2932
451,2926,2932
0,649,2933
77,649,2933
0,2930,2933
451,2930,2933
77,2926,2933
451,2926,2933
0,1000,2934
253,1000,2934
0,2931,2934
451,2931,2934
253,2927,2934
451,2927,2934
0,1001,2935
253,1001,2935
0,2929,2935
451,2929,2935
253,2927,2935
451,2927,2935
0,1002,2936
254,1002,2936
0,2930,2936
451,2930,2936
254,2928,2936
451,2928,2936
0,1003,2937
254,1003,2937
0,2929,2937
451,2929,2937
254,2928,2937
451,2928,2937
0,650,2944
78,650,2944
0,2943,2944
452,2943,2944
78,2938,2944
452,2938,2944
0,651,2945
78,651,2945
0,2942,2945
452,2942,2945
78,2938,2945
452,2938,2945
0,1002,2946
254,1002,2946
0,2943,2946
452,2943,2946
254,2939,2946
452,2939,2946
0,1003,2947
254,1003,2947
0,2941,2947
452,2941,2947
254,2939,2947
452,2939,2947
0,1004,2948
255,1004,2948
0,2942,2948
452,2942,2948
255,2940,2948
452,2940,2948
0,1005,2949
255,1005,2949
0,2941,2949
452,2941,2949
255,2940,2949
452,2940,2949
0,652,2956
79,652,2956
0,2955,2956
453,2955,2956
79,2950,2956
453,2950,2956
0,653,2957
79,653,2957
0,2954,2957
453,2954,2957
79,2950,2957
453,2950,2957
0,1006,2958
256,1006,2958
0,2955,2958
453,2955,2958
256,2951,2958
453,2951,2958
0,1007,2959
256,1007,2959
0,2953,2959
453,2953,2959
256,2951,2959
453,2951,2959
0,1004,2960
255,1004,2960
0,2954,2960
453,2954,2960
255,2952,2960
453,2952,2960
0,1005,2961
255,1005,2961
0,2953,2961
453,2953,2961
255,2952,2961
453,2952,2961
0,654,2968
80,654,2968
0,2967,2968
454,2967,2968
80,2962,2968
454,2962,2968
0,655,2969
80,655,2969
0,2966,2969
454,2966,2969
80,2962,2969
454,2962,2969
0,1008,2970
257,1008,2970
0,2967,2970
454,2967,2970
257,2963,2970
454,2963,2970
0,1009,2971
257,1009,2971
0,2965,2971
454,2965,2971
257,2963,2971
454,2963,2971
0,1006,2972
256,1006,2972
0,2966,2972
454,2966,2972
256,2964,2972
454,2964,2972
0,1007,2973
256,1007,2973
0,2965,2973
454,2965,2973
256,2964,2973
454,2964,2973
0,652,2980
79,652,2980
0,2979,2980
455,2979,2980
79,2974,2980
455,2974,2980
0,653,2981
79,653,2981
0,2978,2981
455,2978,2981
79,2974,2981
455,2974,2981
0,1008,2982
257,1008,2982
0,2979,2982
455,2979,2982
257,2975,2982
455,2975,2982
0,1009,2983
257,1009,2983
0,2977,2983
455,2977,2983
257,2975,2983
455,2975,2983
0,1010,2984
258,1010,2984
0,2978,2984
455,2978,2984
258,2976,2984
455,2976,2984
0,1011,2985
258,1011,2985
0,2977,2985
455,2977,2985
258,2976,2985
455,2976,2985
0,654,2992
80,654,2992
0,2991,2992
456,2991,2992
80,2986,2992
456,2986,2992
0,655,2993
80,655,2993
0,2990,2993
456,2990,2993
80,2986,2993
456,2986,2993
0,1010,2994
258,1010,2994
0,2991,2994
456,2991,2994
258,2987,2994
456,2987,2994
0,1011,2995
258,1011,2995
0,2989,2995
456,2989,2995
258,2987,2995
456,2987,2995
0,1012,2996
259,1012,2996
0,2990,2996
456,2990,2996
259,2988,2996
456,2988,2996
0,1013,2997
259,1013,2997
0,2989,2997
456,2989,2997
259,2988,2997
456,2988,2997
0,656,3004
81,656,3004
0,3003,3004
457,3003,3004
81,2998,3004
457,2998,3004
0,657,3005
81,657,3005
0,3002,3005
457,3002,3005
81,2998,3005
457,2998,3005
0,1014,3006
260,1014,3006
0,3003,3006
457,3003,3006
260,2999,3006
457,2999,3006
0,1015,3007
260,1015,3007
0,3001,3007
457,3001,3007
260,2999,3007
457,2999,3007
0,1012,3008
259,1012,3008
0,3002,3008
457,3002,3008
259,3000,3008
457,3000,3008
0,1013,3009
259,1013,3009
0,3001,3009
457,3001,3009
259,3000,3009
457,3000,3009
0,658,3016
82,658,3016
0,3015,3016
458,3015,3016
82,3010,3016
458,3010,3016
0,659,3017
82,659,3017
0,3014,3017
458,3014,3017
82,3010,3017
458,3010,3017
0,1016,3018
261,1016,3018
0,3015,3018
458,3015,3018
261,3011,3018
458,3011,3018
0,1017,3019
261,1017,3019
0,3013,3019
458,3013,3019
261,3011,3019
458,3011,3019
0,1014,3020
260,1014,3020
0,3014,3020
458,3014,3020
260,3012,3020
458,3012,3020
0,1015,3021
260,1015,3021
0,3013,3021
458,3013,3021
260,3012,3021
458,3012,3021
0,656,3028
81,656,3028
0,3027,3028
459,3027,3028
81,3022,3028
459,3022,3028
0,657,3029
81,657,3029
0,3026,3029
459,3026,3029
81,3022,3029
459,3022,3029
0,1016,3030
261,1016,3030
0,3027,3030
459,3027,3030
261,3023,3030
459,3023,3030
0,1017,3031
261,1017,3031
0,3025,3031
459,3025,3031
261,3023,3031
459,3023,3031
0,1018,3032
262,1018,3032
0,3026,3032
459,3026,3032
262,3024,3032
459,3024,3032
0,1019,3033
262,1019,3033
0,3025,3033
459,3025,3033
262,3024,3033
459,3024,3033
0,658,3040
82,658,3040
0,3039,3040
460,3039,3040
82,3034,3040
460,3034,3040
0,659,3041
82,659,3041
0,3038,3041
460,3038,3041
82,3034,3041
460,3034,3041
0,1018,3042
262,1018,3042
0,3039,3042
460,3039,3042
262,3035,3042
460,3035,3042
0,1019,3043
262,1019,3043
0,3037,3043
460,3037,3043
262,3035,3043
460,3035,3043
0,1020,3044
263,1020,3044
0,3038,3044
460,3038,3044
263,3036,3044
460,3036,3044
0,1021,3045
263,1021,3045
0,3037,3045
460,3037,3045
263,3036,3045
460,3036,3045
0,660,3052
83,660,3052
0,3051,3052
461,3051,3052
83,3046,3052
461,3046,3052
0,661,3053
83,661,3053
0,3050,3053
461,3050,3053
83,3046,3053
461,3046,3053
0,1022,3054
264,1022,3054
0,3051,3054
461,3051,3054
264,3047,3054
461,3047,3054
0,1023,3055
264,1023,3055
0,3049,3055
461,3049,3055
264,3047,3055
461,3047,3055
0,1020,3056
263,1020,3056
0,3050,3056
461,3050,3056
263,3048,3056
461,3048,3056
0,1021,3057
263,1021,3057
0,3049,3057
461,3049,3057
263,3048,3057
461,3048,3057
0,662,3064
84,662,3064
0,3063,3064
462,3063,3064
84,3058,3064
462,3058,3064
0,663,3065
84,663,3065
0,3062,3065
462,3062,3065
84,3058,3065
462,3058,3065
0,1024,3066
265,1024,3066
0,3063,3066
462,3063,3066
265,3059,3066
462,3059,3066
0,1025,3067
265,1025,3067
0,3061,3067
462,3061,3067
265,3059,3067
462,3059,3067
0,1022,3068
264,1022,3068
0,3062,3068
462,3062,3068
264,3060,3068
462,3060,3068
0,1023,3069
264,1023,3069
0,3061,3069
462,3061,3069
264,3060,3069
462,3060,3069
0,660,3076
83,660,3076
0,3075,3076
463,3075,3076
83,3070,3076
463,3070,3076
0,661,3077
83,661,3077
0,3074,3077
463,3074,3077
83,3070,3077
463,3070,3077
0,1024,3078
265,1024,3078
0,3075,3078
463,3075,3078
265,3071,3078
463,3071,3078
0,1025,3079
265,1025,3079
0,3073,3079
463,3073,3079
265,3071,3079
463,3071,3079
0,1026,3080
266,1026,3080
0,3074,3080
463,3074,3080
266,3072,3080
463,3072,3080
0,1027,3081
266,1027,3081
0,3073,3081
463,3073,3081
266,3072,3081
463,3072,3081
0,662,3088
84,662,3088
0,3087,3088
464,3087,3088
84,3082,3088
464,3082,3088
0,663,3089
84,663,3089
0,3086,3089
464,3086,3089
84,3082,3089
464,3082,3089
0,1026,3090
266,1026,3090
0,3087,3090
464,3087,3090
266,3083,3090
464,3083,3090
0,1027,3091
266,1027,3091
0,3085,3091
464,3085,3091
266,3083,3091
464,3083,3091
0,1028,3092
267,1028,3092
0,3086,3092
464,3086,3092
267,3084,3092
464,3084,3092
0,1029,3093
267,1029,3093
0,3085,3093
464,3085,3093
267,3084,3093
464,3084,3093
0,664,3100
85,664,3100
0,3099,3100
465,3099,3100
85,3094,3100
465,3094,3100
0,665,3101
85,665,3101
0,3098,3101
465,3098,3101
85,3094,3101
465,3094,3101
0,1030,3102
268,1030,3102
0,3099,3102
465,3099,3102
268,3095,3102
465,3095,3102
0,1031,3103
268,1031,3103
0,3097,3103
465,3097,3103
268,3095,3103
465,3095,3103
0,1028,3104
267,1028,3104
0,3098,3104
465,3098,3104
267,3096,3104
465,3096,3104
0,1029,3105
267,1029,3105
0,3097,3105
465,3097,3105
267,3096,3105
465,3096,3105
0,666,3112
86,666,3112
0,3111,3112
466,3111,3112
86,3106,3112
466,3106,3112
0,667,3113
86,667,3113
0,3110,3113
466,3110,3113
86,3106,3113
466,3106,3113
0,1032,3114
269,1032,3114
0,3111,3114
466,3111,3114
269,3107,3114
466,3107,3114
0,1033,3115
269,1033,3115
0,3109,3115
466,3109,3115
269,3107,3115
466,3107,3115
0,1030,3116
268,1030,3116
0,3110,3116
466,3110,3116
268,3108,3116
466,3108,3116
0,1031,3117
268,1031,3117
0,3109,3117
466,3109,3117
268,3108,3117
466,3108,3117
0,664,3124
85,664,3124
0,3123,3124
467,3123,3124
85,3118,3124
467,3118,3124
0,665,3125
85,665,3125
0,3122,3125
467,3122,3125
85,3118,3125
467,3118,3125
0,1032,3126
269,1032,3126
0,3123,3126
467,3123,3126
269,3119,3126
467,3119,3126
0,1033,3127
269,1033,3127
0,3121,3127
467,3121,3127
269,3119,3127
467,3119,3127
0,1034,3128
270,1034,3128
0,3122,3128
467,3122,3128
270,3120,3128
467,3120,3128
0,1035,3129
270,1035,3129
0,3121,3129
467,3121,3129
270,3120,3129
467,3120,3129
0,666,3136
86,666,3136
0,3135,3136
468,3135,3136
86,3130,3136
468,3130,3136
0,667,3137
86,667,3137
0,3134,3137
468,3134,3137
86,3130,3137
468,3130,3137
0,1034,3138
270,1034,3138
0,3135,3138
468,3135,3138
270,3131,3138
468,3131,3138
0,1035,3139
270,1035,3139
0,3133,3139
468,3133,3139
270,3131,3139
468,3131,3139
0,1036,3140
271,1036,3140
0,3134,3140
468,3134,3140
271,3132,3140
468,3132,3140
0,1037,3141
271,1037,3141
0,3133,3141
468,3133,3141
271,3132,3141
468,3132,3141
0,668,3148
87,668,3148
0,3147,3148
469,3147,3148
87,3142,3148
469,3142,3148
0,669,3149
87,669,3149
0,3146,3149
469,3146,3149
87,3142,3149
469,3142,3149
0,1038,3150
272,1038,3150
0,3147,3150
469,3147,3150
272,3143,3150
469,3143,3150
0,1039,3151
272,1039,3151
0,3145,3151
469,3145,3151
272,3143,3151
469,3143,3151
0,1036,3152
271,1036,3152
0,3146,3152
469,3146,3152
271,3144,3152
469,3144,3152
0,1037,3153
271,1037,3153
0,3145,3153
469,3145,3153
271,3144,3153
469,3144,3153
0,670,3160
88,670,3160
0,3159,3160
470,3159,3160
88,3154,3160
470,3154,3160
0,671,3161
88,671,3161
0,3158,3161
470,3158,3161
88,3154,3161
470,3154,3161
0,1040,3162
273,1040,3162
0,3159,3162
470,3159,3162
273,3155,3162
470,3155,3162
0,1041,3163
273,1041,3163
0,3157,3163
470,3157,3163
273,3155,3163
470,3155,3163
0,1038,3164
272,1038,3164
0,3158,3164
470,3158,3164
272,3156,3164
470,3156,3164
0,1039,3165
272,1039,3165
0,3157,3165
470,3157,3165
272,3156,3165
470,3156,3165
0,668,3172
87,668,3172
0,3171,3172
471,3171,3172
87,3166,3172
471,3166,3172
0,669,3173
87,669,3173
0,3170,3173
471,3170,3173
87,3166,3173
471,3166,3173
0,1040,3174
273,1040,3174
0,3171,3174
471,3171,3174
273,3167,3174
471,3167,3174
0,1041,3175
273,1041,3175
0,3169,3175
471,3169,3175
273,3167,3175
471,3167,3175
0,1042,3176
274,1042,3176
0,3170,3176
471,3170,3176
274,3168,3176
471,3168,3176
0,1043,3177
274,1043,3177
0,3169,3177
471,3169,3177
274,3168,3177
471,3168,3177
0,670,3184
88,670,3184
0,3183,3184
472,3183,3184
88,3178,3184
472,3178,3184
0,671,3185
88,671,3185
0,3182,3185
472,3182,3185
88,3178,3185
472,3178,3185
0,1042,3186
274,1042,3186
0,3183,3186
472,3183,3186
274,3179,3186
472,3179,3186
0,1043,3187
274,1043,3187
0,3181,3187
472,3181,3187
274,3179,3187
472,3179,3187
0,1044,3188
275,1044,3188
0,3182,3188
472,3182,3188
275,3180,3188
472,3180,3188
0,1045,3189
275,1045,3189
0,3181,3189
472,3181,3189
275,3180,3189
472,3180,3189
0,672,3196
89,672,3196
0,3195,3196
473,3195,3196
89,3190,3196
473,3190,3196
0,673,3197
89,673,3197
0,3194,3197
473,3194,3197
89,3190,3197
473,3190,3197
0,1046,3198
276,1046,3198
0,3195,3198
473,3195,3198
276,3191,3198
473,3191,3198
0,1047,3199
276,1047,3199
0,3193,3199
473,3193,3199
276,3191,3199
473,3191,3199
0,1044,3200
275,1044,3200
0,3194,3200
473,3194,3200
275,3192,3200
473,3192,3200
0,1045,3201
275,1045,3201
0,3193,3201
473,3193,3201
275,3192,3201
473,3192,3201
0,674,3208
90,674,3208
0,3207,3208
474,3207,3208
90,3202,3208
474,3202,3208
0,675,3209
90,675,3209
0,3206,3209
474,3206,3209
90,3202,3209
474,3202,3209
0,1048,3210
277,1048,3210
0,3207,3210
474,3207,3210
277,3203,3210
474,3203,3210
0,1049,3211
277,1049,3211
0,3205,3211
474,3205,3211
277,3203,3211
474,3203,3211
0,1046,3212
276,1046,3212
0,3206,3212
474,3206,3212
276,3204,3212
474,3204,3212
0,1047,3213
276,1047,3213
0,3205,3213
474,3205,3213
276,3204,3213
474,3204,3213
0,672,3220
89,672,3220
0,3219,3220
475,3219,3220
89,3214,3220
475,3214,3220
0,673,3221
89,673,3221
0,3218,3221
475,3218,3221
89,3214,3221
475,3214,3221
0,1048,3222
277,1048,3222
0,3219,3222
475,3219,3222
277,3215,3222
475,3215,3222
0,1049,3223
277,1049,3223
0,3217,3223
475,3217,3223
277,3215,3223
475,3215,3223
0,1050,3224
278,1050,3224
0,3218,3224
475,3218,3224
278,3216,3224
475,3216,3224
0,1051,3225
278,1051,3225
0,3217,3225
475,3217,3225
278,3216,3225
475,3216,3225
0,674,3232
90,674,3232
0,3231,3232
476,3231,3232
90,3226,3232
476,3226,3232
0,675,3233
90,675,3233
0,3230,3233
476,3230,3233
90,3226,3233
476,3226,3233
0,1050,3234
278,1050,3234
0,3231,3234
476,3231,3234
278,3227,3234
476,3227,3234
0,1051,3235
278,1051,3235
0,3229,3235
476,3229,3235
278,3227,3235
476,3227,3235
0,1052,3236
279,1052,3236
0,3230,3236
476,3230,3236
279,3228,3236
476,3228,3236
0,1053,3237
279,1053,3237
0,3229,3237
476,3229,3237
279,3228,3237
476,3228,3237
0,676,3244
91,676,3244
0,3243,3244
477,3243,3244
91,3238,3244
477,3238,3244
0,677,3245
91,677,3245
0,3242,3245
477,3242,3245
91,3238,3245
477,3238,3245
0,1054,3246
280,1054,3246
0,3243,3246
477,3243,3246
280,3239,3246
477,3239,3246
0,1055,3247
280,1055,3247
0,3241,3247
477,3241,3247
280,3239,3247
477,3239,3247
0,1052,3248
279,1052,3248
0,3242,3248
477,3242,3248
279,3240,3248
477,3240,3248
0,1053,3249
279,1053,3249
0,3241,3249
477,3241,3249
279,3240,3249
477,3240,3249
0,678,3256
92,678,3256
0,3255,3256
478,3255,3256
92,3250,3256
478,3250,3256
0,679,3257
92,679,3257
0,3254,3257
478,3254,3257
92,3250,3257
478,3250,3257
0,1056,3258
281,1056,3258
0,3255,3258
478,3255,3258
281,3251,3258
478,3251,3258
0,1057,3259
281,1057,3259
0,3253,3259
478,3253,3259
281,3251,3259
478,3251,3259
0,1054,3260
280,1054,3260
0,3254,3260
478,3254,3260
280,3252,3260
478,3252,3260
0,1055,3261
280,1055,3261
0,3253,3261
478,3253,3261
280,3252,3261
478,3252,3261
0,676,3268
91,676,3268
0,3267,3268
479,3267,3268
91,3262,3268
479,3262,3268
0,677,3269
91,677,3269
0,3266,3269
479,3266,3269
91,3262,3269
479,3262,3269
0,1056,3270
281,1056,3270
0,3267,3270
479,3267,3270
281,3263,3270
479,3263,3270
0,1057,3271
281,1057,3271
0,3265,3271
479,3265,3271
281,3263,3271
479,3263,3271
0,1058,3272
282,1058,3272
0,3266,3272
479,3266,3272
282,3264,3272
479,3264,3272
0,1059,3273
282,1059,3273
0,3265,3273
479,3265,3273
282,3264,3273
479,3264,3273
0,678,3280
92,678,3280
0,3279,3280
480,3279,3280
92,3274,3280
480,3274,3280
0,679,3281
92,679,3281
0,3278,3281
480,3278,3281
92,3274,3281
480,3274,3281
0,1058,3282
282,1058,3282
0,3279,3282
480,3279,3282
282,3275,3282
480,3275,3282
0,1059,3283
282,1059,3283
0,3277,3283
480,3277,3283
282,3275,3283
480,3275,3283
0,1060,3284
283,1060,3284
0,3278,3284
480,3278,3284
283,3276,3284
480,3276,3284
0,1061,3285
283,1061,3285
0,3277,3285
480,3277,3285
283,3276,3285
480,3276,3285
0,680,3292
93,680,3292
0,3291,3292
481,3291,3292
93,3286,3292
481,3286,3292
0,681,3293
93,681,3293
0,3290,3293
481,3290,3293
93,3286,3293
481,3286,3293
0,1062,3294
284,1062,3294
0,3291,3294
481,3291,3294
284,3287,3294
481,3287,3294
0,1063,3295
284,1063,3295
0,3289,3295
481,3289,3295
284,3287,3295
481,3287,3295
0,1060,3296
283,1060,3296
0,3290,3296
481,3290,3296
283,3288,3296
481,3288,3296
0,1061,3297
283,1061,3297
0,3289,3297
481,3289,3297
283,3288,3297
481,3288,3297
0,682,3304
94,682,3304
0,3303,3304
482,3303,3304
94,3298,3304
482,3298,3304
0,683,3305
94,683,3305
0,3302,3305
482,3302,3305
94,3298,3305
482,3298,3305
0,1064,3306
285,1064,3306
0,3303,3306
482,3303,3306
285,3299,3306
482,3299,3306
0,1065,3307
285,1065,3307
0,3301,3307
482,3301,3307
285,3299,3307
482,3299,3307
0,1062,3308
284,1062,3308
0,3302,3308
482,3302,3308
284,3300,3308
482,3300,3308
0,1063,3309
284,1063,3309
0,3301,3309
482,3301,3309
284,3300,3309
482,3300,3309
0,680,3316
93,680,3316
0,3315,3316
483,3315,3316
93,3310,3316
483,3310,3316
0,681,3317
93,681,3317
0,3314,3317
483,3314,3317
93,3310,3317
483,3310,3317
0,1064,3318
285,1064,3318
0,3315,3318
483,3315,3318
285,3311,3318
483,3311,3318
0,1065,3319
285,1065,3319
0,3313,3319
483,3313,3319
285,3311,3319
483,3311,3319
0,1066,3320
286,1066,3320
0,3314,3320
483,3314,3320
286,3312,3320
483,3312,3320
0,1067,3321
286,1067,3321
0,3313,3321
483,3313,3321
286,3312,3321
483,3312,3321
0,682,3328
94,682,3328
0,3327,3328
484,3327,3328
94,3322,3328
484,3322,3328
0,683,3329
94,683,3329
0,3326,3329
484,3326,3329
94,3322,3329
484,3322,3329
0,1066,3330
286,1066,3330
0,3327,3330
484,3327,3330
286,3323,3330
484,3323,3330
0,1067,3331
286,1067,3331
0,3325,3331
484,3325,3331
286,3323,3331
484,3323,3331
0,1068,3332
287,1068,3332
0,3326,3332
484,3326,3332
287,3324,3332
484,3324,3332
0,1069,3333
287,1069,3333
0,3325,3333
484,3325,3333
287,3324,3333
484,3324,3333
0,684,3340
95,684,3340
0,3339,3340
485,3339,3340
95,3334,3340
485,3334,3340
0,685,3341
95,685,3341
0,3338,3341
485,3338,3341
95,3334,3341
485,3334,3341
0,1070,3342
288,1070,3342
0,3339,3342
485,3339,3342
288,3335,3342
485,3335,3342
0,1071,3343
288,1071,3343
0,3337,3343
485,3337,3343
288,3335,3343
485,3335,3343
0,1068,3344
287,1068,3344
0,3338,3344
485,3338,3344
287,3336,3344
485,3336,3344
0,1069,3345
287,1069,3345
0,3337,3345
485,3337,3345
287,3336,3345
485,3336,3345
0,686,3352
96,686,3352
0,3351,3352
486,3351,3352
96,3346,3352
486,3346,3352
0,687,3353
96,687,3353
0,3350,3353
486,3350,3353
96,3346,3353
486,3346,3353
0,1072,3354
289,1072,3354
0,3351,3354
486,3351,3354
289,3347,3354
486,3347,3354
0,1073,3355
289,1073,3355
0,3349,3355
486,3349,3355
289,3347,3355
486,3347,3355
0,1070,3356
288,1070,3356
0,3350,3356
486,3350,3356
288,3348,3356
486,3348,3356
0,1071,3357
288,1071,3357
0,3349,3357
486,3349,3357
288,3348,3357
486,3348,3357
0,684,3364
95,684,3364
0,3363,3364
487,3363,3364
95,3358,3364
487,3358,3364
0,685,3365
95,685,3365
0,3362,3365
487,3362,3365
95,3358,3365
487,3358,3365
0,1072,3366
289,1072,3366
0,3363,3366
487,3363,3366
289,3359,3366
487,3359,3366
0,1073,3367
289,1073,3367
0,3361,3367
487,3361,3367
289,3359,3367
487,3359,3367
0,1074,3368
290,1074,3368
0,3362,3368
487,3362,3368
290,3360,3368
487,3360,3368
0,1075,3369
290,1075,3369
0,3361,3369
487,3361,3369
290,3360,3369
487,3360,3369
0,686,3376
96,686,3376
0,3375,3376
488,3375,3376
96,3370,3376
488,3370,3376
0,687,3377
96,687,3377
0,3374,3377
488,3374,3377
96,3370,3377
488,3370,3377
0,1074,3378
290,1074,3378
0,3375,3378
488,3375,3378
290,3371,3378
488,3371,3378
0,1075,3379
290,1075,3379
0,3373,3379
488,3373,3379
290,3371,3379
488,3371,3379
0,1076,3380
291,1076,3380
0,3374,3380
488,3374,3380
291,3372,3380
488,3372,3380
0,1077,3381
291,1077,3381
0,3373,3381
488,3373,3381
291,3372,3381
488,3372,3381
0,688,3388
97,688,3388
0,3387,3388
489,3387,3388
97,3382,3388
489,3382,3388
0,689,3389
97,689,3389
0,3386,3389
489,3386,3389
97,3382,3389
489,3382,3389
0,1078,3390
292,1078,3390
0,3387,3390
489,3387,3390
292,3383,3390
489,3383,3390
0,1079,3391
292,1079,3391
0,3385,3391
489,3385,3391
292,3383,3391
489,3383,3391
0,1076,3392
291,1076,3392
0,3386,3392
489,3386,3392
291,3384,3392
489,3384,3392
0,1077,3393
291,1077,3393
0,3385,3393
489,3385,3393
291,3384,3393
489,3384,3393
0,690,3400
98,690,3400
0,3399,3400
490,3399,3400
98,3394,3400
490,3394,3400
0,691,3401
98,691,3401
0,3398,3401
490,3398,3401
98,3394,3401
490,3394,3401
0,1080,3402
293,1080,3402
0,3399,3402
490,3399,3402
293,3395,3402
490,3395,3402
0,1081,3403
293,1081,3403
0,3397,3403
490,3397,3403
293,3395,3403
490,3395,3403
0,1078,3404
292,1078,3404
0,3398,3404
490,3398,3404
292,3396,3404
490,3396,3404
0,1079,3405
292,1079,3405
0,3397,3405
490,3397,3405
292,3396,3405
490,3396,3405
0,688,3412
97,688,3412
0,3411,3412
491,3411,3412
97,3406,3412
491,3406,3412
0,689,3413
97,689,3413
0,3410,3413
491,3410,3413
97,3406,3413
491,3406,3413
0,1080,3414
293,1080,3414
0,3411,3414
491,3411,3414
293,3407,3414
491,3407,3414
0,1081,3415
293,1081,3415
0,3409,3415
491,3409,3415
293,3407,3415
491,3407,3415
0,1082,3416
294,1082,3416
0,3410,3416
491,3410,3416
294,3408,3416
491,3408,3416
0,1083,3417
294,1083,3417
0,3409,3417
491,3409,3417
294,3408,3417
491,3408,3417
0,690,3424
98,690,3424
0,3423,3424
492,3423,3424
98,3418,3424
492,3418,3424
0,691,3425
98,691,3425
0,3422,3425
492,3422,3425
98,3418,3425
492,3418,3425
0,1082,3426
294,1082,3426
0,3423,3426
492,3423,3426
294,3419,3426
492,3419,3426
0,1083,3427
294,1083,3427
0,3421,3427
492,3421,3427
294,3419,3427
492,3419,3427
0,1084,3428
295,1084,3428
0,3422,3428
492,3422,3428
295,3420,3428
492,3420,3428
0,1085,3429
295,1085,3429
0,3421,3429
492,3421,3429
295,3420,3429
492,3420,3429
0,692,3436
99,692,3436
0,3435,3436
493,3435,3436
99,3430,3436
493,3430,3436
0,693,3437
99,693,3437
0,3434,3437
493,3434,3437
99,3430,3437
493,3430,3437
0,1086,3438
296,1086,3438
0,3435,3438
493,3435,3438
296,3431,3438
493,3431,3438
0,1087,3439
296,1087,3439
0,3433,3439
493,3433,3439
296,3431,3439
493,3431,3439
0,1084,3440
295,1084,3440
0,3434,3440
493,3434,3440
295,3432,3440
493,3432,3440
0,1085,3441
295,1085,3441
0,3433,3441
493,3433,3441
295,3432,3441
493,3432,3441
0,694,3448
100,694,3448
0,3447,3448
494,3447,3448
100,3442,3448
494,3442,3448
0,695,3449
100,695,3449
0,3446,3449
494,3446,3449
100,3442,3449
494,3442,3449
0,1088,3450
297,1088,3450
0,3447,3450
494,3447,3450
297,3443,3450
494,3443,3450
0,1089,3451
297,1089,3451
0,3445,3451
494,3445,3451
297,3443,3451
494,3443,3451
0,1086,3452
296,1086,3452
0,3446,3452
494,3446,3452
296,3444,3452
494,3444,3452
0,1087,3453
296,1087,3453
0,3445,3453
494,3445,3453
296,3444,3453
494,3444,3453
0,692,3460
99,692,3460
0,3459,3460
495,3459,3460
99,3454,3460
495,3454,3460
0,693,3461
99,693,3461
0,3458,3461
495,3458,3461
99,3454,3461
495,3454,3461
0,1088,3462
297,1088,3462
0,3459,3462
495,3459,3462
297,3455,3462
495,3455,3462
0,1089,3463
297,1089,3463
0,3457,3463
495,3457,3463
297,3455,3463
495,3455,3463
0,694,3464
100,694,3464
0,3458,3464
495,3458,3464
100,3456,3464
495,3456,3464
0,695,3465
100,695,3465
0,3457,3465
495,3457,3465
100,3456,3465
495,3456,3465
